import { useState, useCallback, useRef } from "react";
import * as XLSX from "xlsx";

const SAMPLE_DATA = `2016-07-20: 02 17 33 37 38 45
2016-07-22: 03 04 14 20 25 35
2016-07-24: 01 10 16 18 23 38
2016-07-27: 14 17 21 25 31 37
2016-07-29: 03 08 13 20 30 36
2016-07-31: 02 06 19 21 35 39
2016-08-03: 07 10 25 27 29 40
2016-08-05: 03 09 13 18 24 31
2016-08-07: 03 05 17 22 30 31
2016-08-10: 06 15 16 19 27 30
2016-08-12: 28 31 34 37 38 41
2016-08-14: 13 16 17 29 31 37
2016-08-17: 02 04 09 19 21 26
2016-08-19: 11 12 17 33 34 36
2016-08-21: 13 21 24 25 29 44
2016-08-24: 08 17 21 23 36 40
2016-08-26: 10 36 39 43 44 45
2016-08-28: 04 06 10 15 16 44
2016-08-31: 08 20 21 31 34 39
2016-09-02: 09 13 24 35 36 41
2016-09-04: 11 15 20 24 27 45
2016-09-07: 06 08 12 13 15 19
2016-09-09: 07 13 16 18 31 32
2016-09-11: 06 09 10 18 20 31
2016-09-14: 02 11 14 23 25 32
2016-09-16: 04 05 06 23 31 34
2016-09-18: 07 10 17 20 25 32
2016-09-21: 05 12 15 30 37 41
2016-09-23: 08 14 19 29 30 40
2016-09-25: 01 20 28 32 42 44
2016-09-28: 03 06 17 21 32 40
2016-09-30: 06 20 30 38 40 45
2016-10-02: 16 23 27 34 35 38
2016-10-05: 05 06 19 31 42 44
2016-10-07: 24 25 27 34 44 45
2016-10-09: 02 15 20 32 33 44
2016-10-12: 02 08 15 16 19 25
2016-10-14: 03 07 09 18 28 39
2016-10-16: 05 21 31 33 38 42
2016-10-19: 02 13 15 17 18 41
2016-10-21: 16 17 30 32 34 38
2016-10-23: 02 05 12 21 22 40
2016-10-26: 01 08 16 18 21 28
2016-10-28: 10 11 13 14 16 38
2016-10-30: 07 12 25 28 40 44
2016-11-02: 03 05 08 10 13 22
2016-11-04: 05 13 22 24 28 32
2016-11-06: 04 15 16 20 26 41
2016-11-09: 02 10 14 24 25 30
2016-11-11: 10 17 22 23 30 36
2016-11-13: 11 23 25 34 36 45
2016-11-16: 01 09 17 28 43 44
2016-11-18: 11 12 16 24 26 31
2016-11-20: 09 23 33 38 41 42
2016-11-23: 02 22 23 24 28 37
2016-11-25: 03 04 25 31 37 40
2016-11-27: 12 16 17 18 22 30
2016-11-30: 06 15 17 20 23 41
2016-12-02: 17 26 33 34 37 42
2016-12-04: 03 05 13 27 38 44
2016-12-07: 13 23 27 28 32 45
2016-12-09: 11 12 15 17 21 26
2016-12-11: 02 03 04 05 22 24
2016-12-14: 05 06 12 16 26 30
2016-12-16: 05 08 33 34 39 44
2016-12-18: 03 07 30 32 41 43
2016-12-21: 03 06 12 14 18 40
2016-12-23: 01 17 24 25 37 43
2016-12-25: 05 12 20 29 34 36
2016-12-28: 02 22 25 33 38 43
2016-12-30: 07 23 27 29 35 37
2017-01-01: 09 18 24 33 36 39
2017-01-04: 04 19 25 27 29 31
2017-01-06: 22 30 34 36 43 45
2017-01-08: 12 18 29 32 39 45
2017-01-11: 02 08 21 29 37 45
2017-01-13: 12 24 29 32 37 39
2017-01-15: 05 25 27 29 31 43
2017-01-18: 11 22 26 28 35 43
2017-01-20: 01 11 31 32 34 37
2017-01-22: 01 20 21 22 26 29
2017-01-25: 06 09 14 18 28 30
2017-01-29: 05 13 21 27 29 45
2017-02-01: 02 10 11 18 22 33
2017-02-03: 08 17 31 32 33 39
2017-02-05: 01 11 26 29 34 40
2017-02-08: 15 26 29 32 34 38
2017-02-10: 02 06 10 13 20 28
2017-02-12: 04 06 12 21 23 28
2017-02-15: 04 16 19 27 29 30
2017-02-17: 12 15 25 27 37 41
2017-02-19: 01 17 24 25 33 35
2017-02-22: 01 03 08 18 28 42
2017-02-24: 02 04 19 23 44 45
2017-02-26: 07 11 16 19 38 39
2017-03-01: 03 04 26 30 35 44
2017-03-03: 02 04 13 22 23 41
2017-03-05: 18 21 24 26 39 45
2017-03-08: 05 11 14 20 32 42
2017-03-10: 04 09 21 27 38 44
2017-03-12: 06 11 30 32 35 42
2017-03-15: 03 09 10 31 32 40
2017-03-17: 07 12 24 43 44 45
2017-03-19: 01 02 06 12 31 36
2017-03-22: 01 09 24 28 33 36
2017-03-24: 10 14 30 32 37 42
2017-03-26: 06 12 23 25 29 43
2017-03-29: 04 05 24 26 28 37
2017-03-31: 01 04 05 11 20 30
2017-04-02: 03 05 07 12 27 33
2017-04-05: 13 14 20 21 23 33
2017-04-07: 04 05 16 17 32 40
2017-04-09: 05 08 21 25 26 37
2017-04-12: 02 03 08 13 19 41
2017-04-14: 04 05 10 33 36 38
2017-04-16: 06 07 18 29 32 44
2017-04-19: 19 20 32 33 38 44
2017-04-21: 07 08 15 30 32 39
2017-04-23: 13 17 22 30 31 43
2017-04-26: 14 16 17 20 35 39
2017-04-28: 02 09 11 12 15 23
2017-04-30: 02 06 08 11 12 25
2017-05-03: 03 19 20 21 25 45
2017-05-05: 04 09 12 32 36 43
2017-05-07: 01 07 28 32 44 45
2017-05-10: 07 17 21 29 40 44
2017-05-12: 01 27 35 42 43 45
2017-05-14: 13 15 17 21 25 40
2017-05-17: 07 08 11 18 23 42
2017-05-19: 01 08 18 28 30 33
2017-05-21: 11 14 17 22 27 42
2017-05-24: 08 20 25 27 30 33
2017-05-26: 06 08 25 39 40 45
2017-05-28: 02 07 17 24 31 44
2017-05-31: 07 13 16 30 37 44
2017-06-02: 05 13 16 32 39 41
2017-06-04: 01 09 23 32 34 35
2017-06-07: 05 06 13 29 35 44
2017-06-09: 07 15 19 24 32 42
2017-06-11: 05 06 11 14 32 33
2017-06-14: 05 08 15 25 31 35
2017-06-16: 06 10 17 21 27 38
2017-06-18: 02 08 12 14 16 26
2017-06-21: 09 26 29 30 35 37
2017-06-23: 09 10 21 37 40 42
2017-06-25: 03 14 33 38 42 44
2017-06-28: 02 06 21 28 39 40
2017-06-30: 01 07 10 38 40 42
2017-07-02: 01 05 07 16 19 44
2017-07-05: 01 04 16 31 37 40
2017-07-07: 04 19 22 30 34 35
2017-07-09: 01 09 14 18 25 28
2017-07-12: 05 09 14 15 26 42
2017-07-14: 02 13 19 24 25 33
2017-07-16: 02 10 27 29 37 39
2017-07-19: 04 07 13 20 35 44
2017-07-21: 05 06 09 15 19 32
2017-07-23: 07 09 13 21 28 39
2017-07-26: 09 26 27 30 40 44
2017-07-28: 01 04 09 26 35 39
2017-07-30: 08 17 24 35 41 44
2017-08-02: 07 10 17 26 28 43
2017-08-04: 03 12 13 23 26 37
2017-08-06: 02 09 10 11 21 43
2017-08-09: 11 19 22 24 25 31
2017-08-11: 01 12 19 35 36 41
2017-08-13: 01 03 06 07 16 18
2017-08-16: 06 11 15 19 22 41
2017-08-18: 03 04 18 22 34 37
2017-08-20: 05 15 18 21 37 45
2017-08-23: 06 25 27 34 42 43
2017-08-25: 02 07 12 27 40 44
2017-08-27: 03 07 16 32 36 39
2017-08-30: 05 08 11 28 35 41
2017-09-01: 09 10 13 19 23 41
2017-09-03: 05 06 26 28 35 43
2017-09-06: 05 20 24 32 36 42
2017-09-08: 02 15 17 32 41 44
2017-09-10: 01 22 23 35 36 42
2017-09-13: 03 08 19 35 38 40
2017-09-15: 03 24 35 37 40 43
2017-09-17: 06 11 15 16 37 40
2017-09-20: 05 07 13 17 23 33
2017-09-22: 05 16 21 31 37 41
2017-09-24: 04 10 11 31 36 39
2017-09-27: 10 19 33 34 35 45
2017-09-29: 23 28 30 35 37 42
2017-10-01: 08 23 27 36 37 43
2017-10-04: 04 05 09 19 37 44
2017-10-06: 04 06 18 20 30 45
2017-10-08: 08 16 24 27 35 39
2017-10-11: 04 11 14 15 19 26
2017-10-13: 10 13 20 21 25 36
2017-10-15: 02 09 14 21 35 40
2017-10-18: 16 24 32 36 37 40
2017-10-20: 02 18 25 33 36 42
2017-10-22: 08 14 16 17 31 42
2017-10-25: 12 17 23 25 34 38
2017-10-27: 04 10 13 21 22 38
2017-10-29: 01 05 28 31 44 45
2017-11-01: 04 12 25 39 42 44
2017-11-03: 07 17 20 22 29 44
2017-11-05: 03 17 38 39 41 44
2017-11-08: 01 18 23 24 40 41
2017-11-10: 01 04 19 21 24 35
2017-11-12: 22 26 37 40 42 44
2017-11-15: 01 09 15 27 33 43
2017-11-17: 11 13 18 19 31 45
2017-11-19: 14 20 30 33 41 43
2017-11-22: 05 06 09 23 27 35
2017-11-24: 14 24 32 34 36 45
2017-11-26: 04 12 17 19 23 34
2017-11-29: 19 23 26 37 38 41
2017-12-01: 10 19 30 35 39 45
2017-12-03: 08 09 15 18 27 30
2017-12-06: 03 07 29 31 34 43
2017-12-08: 02 11 15 32 40 44
2017-12-10: 27 36 39 43 44 45
2017-12-13: 04 07 19 24 32 38
2017-12-15: 13 14 17 24 28 43
2017-12-17: 04 07 16 27 40 41
2017-12-20: 03 08 25 37 40 42
2017-12-22: 09 13 17 22 26 33
2017-12-24: 01 05 09 14 30 31
2017-12-27: 09 13 19 21 27 30
2017-12-29: 02 08 17 20 29 39
2017-12-31: 03 13 14 26 30 34
2018-01-03: 08 14 19 30 33 35
2018-01-05: 19 30 34 38 42 44
2018-01-07: 04 06 11 13 24 31
2018-01-10: 06 18 21 22 37 45
2018-01-12: 04 08 17 23 27 34
2018-01-14: 01 06 10 29 32 41
2018-01-17: 09 10 12 22 27 41
2018-01-19: 02 04 27 28 31 36
2018-01-21: 01 10 11 24 32 37
2018-01-24: 05 06 24 33 42 45
2018-01-26: 01 09 18 28 36 44
2018-01-28: 12 26 27 33 36 37
2018-01-31: 04 07 09 10 30 40
2018-02-02: 02 07 14 28 42 45
2018-02-04: 01 05 13 27 40 45
2018-02-07: 05 07 18 26 30 36
2018-02-09: 02 10 14 19 23 37
2018-02-11: 05 19 27 32 41 45
2018-02-14: 12 31 32 34 35 43
2018-02-18: 01 05 14 16 36 38
2018-02-21: 18 23 24 26 29 33
2018-02-23: 05 16 19 23 29 37
2018-02-25: 08 10 12 29 30 42
2018-02-28: 17 19 21 23 36 40
2018-03-02: 03 07 15 27 41 45
2018-03-04: 04 11 19 25 32 40
2018-03-07: 08 19 25 31 37 40
2018-03-09: 05 10 13 19 25 44
2018-03-11: 01 14 19 26 41 42
2018-03-14: 12 21 23 27 31 34
2018-03-16: 06 08 13 17 20 34
2018-03-18: 14 21 24 28 31 40
2018-03-21: 06 19 38 40 41 44
2018-03-23: 03 06 12 22 26 35
2018-03-25: 04 10 13 22 38 42
2018-03-28: 12 18 31 34 35 42
2018-03-30: 07 11 18 28 34 43
2018-04-01: 04 12 24 33 39 43
2018-04-04: 02 03 06 16 41 44
2018-04-06: 01 07 08 09 36 40
2018-04-08: 02 05 11 16 30 34
2018-04-11: 07 20 23 25 26 39
2018-04-13: 11 22 24 33 38 43
2018-04-15: 03 09 13 20 30 34
2018-04-18: 06 16 28 29 39 44
2018-04-20: 06 09 14 30 33 42
2018-04-22: 06 07 22 32 36 39
2018-04-25: 04 15 17 23 29 43
2018-04-27: 10 20 24 27 28 29
2018-04-29: 03 10 22 23 25 43
2018-05-02: 10 11 22 29 37 40
2018-05-04: 09 18 25 26 27 29
2018-05-06: 11 26 28 34 36 37
2018-05-09: 09 15 20 30 31 33
2018-05-11: 10 11 26 29 33 38
2018-05-13: 06 11 16 18 27 41
2018-05-16: 10 21 23 25 35 38
2018-05-18: 03 18 24 29 30 35
2018-05-20: 18 19 25 26 29 39
2018-05-23: 13 16 25 34 37 41
2018-05-25: 05 14 22 26 29 39
2018-05-27: 05 09 17 18 19 22
2018-05-30: 02 17 19 27 31 36
2018-06-01: 06 14 19 38 43 44
2018-06-03: 18 20 24 40 42 45
2018-06-06: 06 20 22 26 43 44
2018-06-08: 04 13 32 35 40 42
2018-06-10: 22 25 35 36 38 39
2018-06-13: 02 04 17 24 31 40
2018-06-15: 08 11 13 23 24 28
2018-06-17: 03 05 06 07 34 40
2018-06-20: 02 18 22 30 32 43
2018-06-22: 15 19 20 26 34 39
2018-06-24: 06 08 23 32 33 41
2018-06-27: 25 27 29 33 37 38
2018-06-29: 06 18 22 24 36 39
2018-07-01: 04 07 15 28 34 37
2018-07-04: 02 03 27 28 34 43
2018-07-06: 22 26 33 34 38 42
2018-07-08: 02 07 08 10 28 44
2018-07-11: 12 26 28 29 39 43
2018-07-13: 03 08 09 25 27 28
2018-07-15: 07 15 20 29 31 38
2018-07-18: 08 10 14 19 26 34
2018-07-20: 13 14 16 19 20 23
2018-07-22: 08 09 24 27 40 45
2018-07-25: 09 16 18 38 41 45
2018-07-27: 02 21 32 37 38 42
2018-07-29: 26 31 32 37 43 45
2018-08-01: 05 06 29 30 37 38
2018-08-03: 03 08 10 24 27 28
2018-08-05: 07 10 18 31 39 43
2018-08-08: 19 34 37 39 41 44
2018-08-10: 18 22 24 29 41 45
2018-08-12: 05 16 17 28 31 38
2018-08-15: 12 24 25 33 40 44
2018-08-17: 03 08 22 28 33 42
2018-08-19: 16 18 28 36 37 45
2018-08-22: 15 17 18 33 34 44
2018-08-24: 03 22 25 29 33 40
2018-08-26: 01 03 11 12 22 36
2018-08-29: 16 17 24 28 30 36
2018-08-31: 11 19 30 36 38 40
2018-09-02: 10 12 13 22 26 40
2018-09-05: 05 06 22 27 34 37
2018-09-07: 08 10 11 28 42 45
2018-09-09: 08 14 18 21 44 45
2018-09-12: 11 12 13 16 29 31
2018-09-14: 12 16 17 18 26 34
2018-09-16: 03 13 17 18 23 34
2018-09-19: 10 20 22 24 27 42
2018-09-21: 01 03 11 14 23 29
2018-09-23: 18 27 32 35 41 44
2018-09-26: 12 19 27 39 42 45
2018-09-28: 02 06 11 13 15 38
2018-09-30: 01 20 24 36 43 45
2018-10-03: 06 12 19 21 25 45
2018-10-05: 04 12 17 29 35 44
2018-10-07: 14 18 31 34 39 44
2018-10-10: 18 19 22 28 41 42
2018-10-12: 11 12 20 26 28 42
2018-10-14: 07 08 09 34 40 43
2018-10-17: 01 12 14 36 39 43
2018-10-19: 02 14 30 38 39 45
2018-10-21: 06 22 24 28 30 37
2018-10-24: 06 26 34 35 39 42
2018-10-26: 02 18 31 33 36 41
2018-10-28: 09 18 19 20 31 45
2018-10-31: 17 22 26 30 33 35
2018-11-02: 04 06 11 18 24 25
2018-11-04: 07 12 13 17 25 30
2018-11-07: 06 18 22 25 31 37
2018-11-09: 06 18 28 32 34 35
2018-11-11: 20 23 26 27 32 34
2018-11-14: 12 14 24 26 30 40
2018-11-16: 04 12 18 21 25 41
2018-11-18: 06 27 28 30 37 44
2018-11-21: 07 09 16 19 24 33
2018-11-23: 08 10 12 21 25 40
2018-11-25: 03 05 11 18 24 29
2018-11-28: 08 13 20 21 25 28
2018-11-30: 11 18 23 25 28 35
2018-12-02: 02 04 12 23 37 45
2018-12-05: 07 28 29 39 42 45
2018-12-07: 01 06 07 22 31 39
2018-12-09: 06 08 26 34 40 41
2018-12-12: 01 03 11 15 27 30
2018-12-14: 07 16 20 26 30 34
2018-12-16: 01 14 22 26 35 42
2018-12-19: 02 10 11 32 40 44
2018-12-21: 01 07 16 27 29 34
2018-12-23: 01 03 10 11 16 44
2018-12-26: 21 28 34 35 41 44
2018-12-28: 03 22 24 25 31 37
2018-12-30: 10 19 31 35 42 44
2019-01-02: 04 14 32 35 36 40
2019-01-04: 01 08 14 16 19 22
2019-01-06: 09 22 33 34 35 44
2019-01-09: 17 27 28 30 33 41
2019-01-11: 19 21 22 23 25 44
2019-01-13: 01 20 21 23 26 33
2019-01-16: 01 08 14 24 31 40
2019-01-18: 12 15 19 38 40 45
2019-01-20: 08 16 21 31 35 38
2019-01-23: 02 09 13 29 33 40
2019-01-25: 11 13 14 22 30 38
2019-01-27: 09 11 12 22 27 29
2019-01-30: 01 04 06 13 37 41
2019-02-01: 03 04 06 38 39 43
2019-02-03: 01 02 05 09 23 24
2019-02-06: 22 24 25 30 33 38
2019-02-08: 11 12 33 36 39 43
2019-02-10: 01 11 17 25 29 35
2019-02-13: 05 11 18 33 37 41
2019-02-15: 03 22 26 27 30 44
2019-02-17: 11 12 14 25 29 31
2019-02-20: 01 10 15 24 37 45
2019-02-22: 07 10 18 25 44 45
2019-02-24: 01 07 13 23 32 42
2019-02-27: 05 12 15 16 25 35
2019-03-01: 15 23 29 31 38 43
2019-03-03: 01 13 17 20 30 45
2019-03-06: 02 07 14 24 40 41
2019-03-08: 04 14 20 27 32 43
2019-03-10: 05 24 31 32 42 45
2019-03-13: 05 16 24 26 34 44
2019-03-15: 05 10 15 19 38 42
2019-03-17: 05 06 16 18 24 42
2019-03-20: 02 07 17 24 29 37
2019-03-22: 01 03 06 13 18 41
2019-03-24: 05 17 21 27 34 40
2019-03-27: 09 12 22 24 30 42
2019-03-29: 02 19 26 27 30 37
2019-03-31: 03 05 19 28 31 38
2019-04-03: 04 11 18 33 34 45
2019-04-05: 02 07 25 36 38 43
2019-04-07: 08 10 26 28 32 34
2019-04-10: 07 11 14 30 35 42
2019-04-12: 03 12 15 16 17 44
2019-04-14: 04 13 20 34 35 37
2019-04-17: 07 11 21 25 30 44
2019-04-19: 01 04 05 12 17 21
2019-04-21: 08 11 13 20 41 43
2019-04-24: 04 07 12 13 20 45
2019-04-26: 01 02 14 15 16 30
2019-04-28: 04 24 28 30 33 43
2019-05-01: 18 23 24 27 33 41
2019-05-03: 01 06 14 31 35 44
2019-05-05: 13 27 30 38 39 41
2019-05-08: 01 07 08 31 34 45
2019-05-10: 05 23 25 30 35 38
2019-05-12: 01 08 13 17 21 43
2019-05-15: 17 28 29 33 34 35
2019-05-17: 06 16 18 29 39 43
2019-05-19: 02 11 19 27 30 42
2019-05-22: 01 13 16 22 23 35
2019-05-24: 02 03 31 33 35 40
2019-05-26: 11 12 14 23 29 32
2019-05-29: 12 18 19 27 35 42
2019-05-31: 05 06 07 12 23 30
2019-06-02: 02 05 12 35 41 43
2019-06-05: 04 08 22 25 37 39
2019-06-07: 11 13 15 26 27 41
2019-06-09: 02 06 22 25 35 36
2019-06-12: 10 11 21 23 26 37
2019-06-14: 02 12 16 36 37 45
2019-06-16: 06 07 19 29 31 36
2019-06-19: 02 04 11 15 35 40
2019-06-21: 01 04 19 21 23 39
2019-06-23: 03 08 11 27 32 36
2019-06-26: 01 05 09 10 33 41
2019-06-28: 11 25 37 40 41 45
2019-06-30: 05 20 22 25 28 32
2019-07-03: 02 07 25 29 39 45
2019-07-05: 19 21 30 31 37 43
2019-07-07: 02 18 21 23 30 31
2019-07-10: 01 02 06 07 16 27
2019-07-12: 16 18 24 26 40 44
2019-07-14: 02 03 07 25 33 34
2019-07-17: 10 11 16 22 28 35
2019-07-19: 09 12 23 26 28 43
2019-07-21: 07 08 10 24 33 44
2019-07-24: 20 22 25 39 44 45
2019-07-26: 05 14 16 22 25 33
2019-07-28: 05 14 16 24 42 43
2019-07-31: 06 12 15 19 25 45
2019-08-02: 11 18 20 22 25 26
2019-08-04: 06 10 21 30 43 45
2019-08-07: 01 05 13 31 32 43
2019-08-09: 11 19 26 28 30 42
2019-08-11: 01 04 07 09 25 31
2019-08-14: 13 20 22 24 33 34
2019-08-16: 06 14 15 19 31 39
2019-08-18: 02 07 18 21 24 33
2019-08-21: 06 08 17 20 21 31
2019-08-23: 06 07 12 17 19 24
2019-08-25: 07 08 15 20 24 31
2019-08-28: 01 04 12 14 19 30
2019-08-30: 05 06 22 23 25 44
2019-09-01: 05 07 14 16 29 40
2019-09-04: 01 09 11 23 30 37
2019-09-06: 02 04 13 15 26 31
2019-09-08: 06 09 11 26 28 36
2019-09-11: 21 25 29 32 34 35
2019-09-13: 02 15 17 25 30 38
2019-09-15: 08 09 28 33 35 43
2019-09-18: 03 09 13 17 19 20
2019-09-20: 07 12 24 29 31 45
2019-09-22: 03 06 21 36 38 39
2019-09-25: 09 14 22 26 44 45
2019-09-27: 06 09 11 28 37 44
2019-09-29: 02 09 12 18 21 23
2019-10-02: 02 06 07 25 28 41
2019-10-04: 02 09 24 25 30 36
2019-10-06: 01 06 17 30 44 45
2019-10-09: 03 12 21 24 28 32
2019-10-11: 06 12 14 27 28 36
2019-10-13: 06 22 28 31 37 40
2019-10-16: 01 04 23 28 41 42
2019-10-18: 04 14 15 22 28 39
2019-10-20: 01 03 08 15 38 40
2019-10-23: 02 09 21 23 32 41
2019-10-25: 04 07 09 22 32 37
2019-10-27: 01 19 29 30 40 42
2019-10-30: 02 05 08 12 29 38
2019-11-01: 06 11 20 30 37 40
2019-11-03: 28 30 32 38 44 45
2019-11-06: 03 15 22 23 38 43
2019-11-08: 04 16 19 30 32 44
2019-11-10: 04 14 21 28 32 36
2019-11-13: 17 19 24 30 31 40
2019-11-15: 02 13 27 33 40 41
2019-11-17: 06 07 14 31 39 44
2019-11-20: 10 21 22 24 43 44
2019-11-22: 01 09 10 19 30 38
2019-11-24: 05 21 24 28 29 34
2019-11-27: 03 05 13 19 20 33
2019-11-29: 14 15 16 17 19 34
2019-12-01: 03 14 16 27 31 35
2019-12-04: 16 19 24 30 32 35
2019-12-06: 02 20 26 35 43 45
2019-12-08: 12 20 30 31 34 44
2019-12-11: 01 02 08 27 29 39
2019-12-13: 02 08 09 25 26 40
2019-12-15: 03 13 15 16 22 36
2019-12-18: 08 09 12 19 22 25
2019-12-20: 01 09 16 27 38 45
2019-12-22: 09 10 11 18 22 36
2019-12-25: 10 18 25 26 36 43
2019-12-27: 02 07 10 12 33 43
2019-12-29: 07 12 21 24 35 43
2020-01-01: 08 10 23 26 37 38
2020-01-03: 01 15 17 26 32 44
2020-01-05: 05 11 12 26 44 45
2020-01-08: 02 04 10 21 25 43
2020-01-10: 10 18 24 35 41 43
2020-01-12: 07 12 17 21 35 45
2020-01-15: 02 08 19 31 38 44
2020-01-17: 08 26 28 37 40 42
2020-01-19: 01 04 19 25 35 39
2020-01-22: 01 15 16 34 36 42
2020-01-26: 04 05 09 25 33 37
2020-01-29: 03 10 16 24 39 44
2020-01-31: 08 09 20 25 30 40
2020-02-02: 01 04 16 32 35 38
2020-02-05: 09 19 24 37 38 45
2020-02-07: 06 11 15 33 40 44
2020-02-09: 01 04 18 22 26 35
2020-02-12: 05 13 16 20 24 35
2020-02-14: 04 14 24 32 36 43
2020-02-16: 01 04 14 36 37 41
2020-02-19: 01 16 23 25 30 38
2020-02-21: 13 15 22 28 29 41
2020-02-23: 01 06 16 23 34 42
2020-02-26: 02 10 12 20 24 39
2020-02-28: 02 19 23 27 29 38
2020-03-01: 01 06 07 13 26 39
2020-03-04: 01 07 17 24 35 41
2020-03-06: 06 09 10 16 26 42
2020-03-08: 03 13 17 19 21 43
2020-03-11: 12 16 29 35 37 44
2020-03-13: 08 13 20 28 35 45
2020-03-15: 04 07 11 17 19 31
2020-03-18: 06 21 30 37 38 45
2020-03-20: 08 23 29 37 39 44
2020-03-22: 02 10 19 22 24 29
2020-03-25: 26 31 33 37 38 45
2020-03-27: 01 06 10 35 36 45
2020-03-29: 07 10 23 36 39 44
2020-04-24: 10 31 37 39 40 43
2020-04-26: 05 25 30 36 37 41
2020-04-29: 01 08 11 13 15 32
2020-05-01: 06 07 16 37 40 44
2020-05-03: 05 18 29 32 38 44
2020-05-06: 03 18 25 29 30 44
2020-05-08: 01 03 07 12 22 25
2020-05-10: 07 09 23 32 33 37
2020-05-13: 06 20 21 35 40 45
2020-05-15: 03 12 13 28 33 36
2020-05-17: 02 04 21 30 33 37
2020-05-20: 01 08 15 23 25 39
2020-05-22: 03 08 19 28 35 41
2020-05-24: 01 29 30 32 34 35
2020-05-27: 06 15 29 30 37 42
2020-05-29: 04 10 23 26 35 37
2020-05-31: 01 06 13 27 35 40
2020-06-03: 01 15 17 19 40 43
2020-06-05: 10 13 22 28 38 43
2020-06-07: 06 07 11 16 23 44
2020-06-10: 02 11 23 25 26 35
2020-06-12: 05 16 22 27 30 31
2020-06-14: 19 22 24 41 44 45
2020-06-17: 07 16 28 33 34 45
2020-06-19: 04 12 17 19 32 45
2020-06-21: 07 09 13 33 40 44
2020-06-24: 07 17 18 32 39 40
2020-06-26: 09 23 27 30 38 41
2020-06-28: 04 15 24 36 37 41
2020-07-01: 10 13 14 26 32 33
2020-07-03: 04 05 17 18 22 36
2020-07-05: 05 08 10 17 22 31
2020-07-08: 14 15 17 21 31 38
2020-07-10: 18 20 22 33 35 39
2020-07-12: 02 15 21 27 31 35
2020-07-15: 10 11 18 19 20 45
2020-07-17: 04 10 18 20 32 45
2020-07-19: 01 13 14 19 42 45
2020-07-22: 09 13 18 24 26 42
2020-07-24: 04 25 31 35 39 41
2020-07-26: 05 15 21 39 43 45
2020-07-29: 06 14 26 41 42 43
2020-07-31: 04 09 19 29 36 41
2020-08-02: 06 09 12 17 41 42
2020-08-05: 14 18 19 32 33 38
2020-08-07: 17 26 35 40 43 44
2020-08-09: 11 13 14 43 44 45
2020-08-12: 07 21 34 38 43 44
2020-08-14: 09 18 21 24 34 41
2020-08-16: 02 05 06 20 33 39
2020-08-19: 07 20 36 37 43 45
2020-08-21: 07 08 26 30 37 43
2020-08-23: 10 14 19 25 36 39
2020-08-26: 02 18 24 28 35 42
2020-08-28: 10 11 14 23 27 37
2020-08-30: 06 08 18 19 29 33
2020-09-02: 08 10 14 16 18 24
2020-09-04: 07 16 20 30 40 41
2020-09-06: 01 06 19 29 31 44
2020-09-09: 19 21 34 35 36 39
2020-09-11: 04 11 13 16 17 33
2020-09-13: 20 23 28 37 40 44
2020-09-16: 05 20 29 30 38 40
2020-09-18: 10 19 21 23 27 33
2020-09-20: 05 07 09 13 15 16
2020-09-23: 02 08 17 23 30 41
2020-09-25: 14 20 22 35 44 45
2020-09-27: 01 12 26 31 37 38
2020-09-30: 02 05 31 32 42 44
2020-10-02: 09 11 21 31 32 37
2020-10-04: 09 16 19 25 26 39
2020-10-07: 13 15 25 26 28 34
2020-10-09: 15 19 23 30 33 39
2020-10-11: 12 18 28 31 40 45
2020-10-14: 04 07 23 32 43 44
2020-10-16: 04 14 16 23 24 27
2020-10-18: 01 14 25 26 30 40
2020-10-21: 04 11 26 36 38 41
2020-10-23: 05 10 16 23 34 45
2020-10-25: 11 19 30 38 41 45
2020-10-28: 01 04 07 15 35 45
2020-10-30: 04 05 14 18 23 43
2020-11-01: 06 21 27 30 32 44
2020-11-04: 03 08 11 13 26 38
2020-11-06: 19 24 30 32 36 37
2020-11-08: 03 12 14 16 23 33
2020-11-11: 04 10 12 17 20 35
2020-11-13: 08 22 23 33 34 36
2020-11-15: 14 16 21 29 40 41
2020-11-18: 18 19 21 31 39 44
2020-11-20: 02 17 24 29 31 37
2020-11-22: 09 16 17 24 32 40
2020-11-25: 01 05 07 08 25 40
2020-11-27: 01 09 12 13 37 43
2020-11-29: 06 07 14 18 37 43
2020-12-02: 04 05 07 10 25 39
2020-12-04: 03 05 33 37 41 43
2020-12-06: 11 21 24 27 29 37
2020-12-09: 16 24 27 31 36 43
2020-12-11: 23 24 25 35 37 39
2020-12-13: 10 12 20 36 41 44
2020-12-16: 10 11 22 27 36 41
2020-12-18: 04 09 14 23 32 38
2020-12-20: 15 18 28 30 34 44
2020-12-23: 07 11 17 31 35 40
2020-12-25: 06 12 15 22 33 39
2020-12-27: 03 11 17 19 34 39
2020-12-30: 01 13 20 26 35 37
2021-01-01: 10 16 24 26 30 32
2021-01-03: 04 31 34 36 40 43
2021-01-06: 22 27 30 35 40 45
2021-01-08: 08 19 22 25 32 35
2021-01-10: 10 11 22 32 38 43
2021-01-13: 19 20 21 28 33 41
2021-01-15: 04 06 10 13 26 43
2021-01-17: 04 05 32 39 40 42
2021-01-20: 07 20 29 30 40 45
2021-01-22: 01 06 07 20 28 43
2021-01-24: 08 09 23 25 31 32
2021-01-27: 01 07 11 28 41 44
2021-01-29: 06 07 08 29 35 39
2021-01-31: 04 06 07 11 34 41
2021-02-03: 07 09 14 23 35 41
2021-02-05: 02 08 31 32 42 44
2021-02-07: 01 04 07 15 41 42
2021-02-10: 08 13 18 19 21 24
2021-02-14: 03 13 18 21 39 44
2021-02-17: 03 18 21 22 36 44
2021-02-19: 12 19 22 23 34 44
2021-02-21: 06 07 22 24 27 37
2021-02-24: 02 13 19 33 40 43
2021-02-26: 11 13 19 27 37 41
2021-02-28: 04 05 25 28 29 42
2021-03-03: 01 20 28 37 40 44
2021-03-05: 09 11 13 21 27 41
2021-03-07: 04 12 25 28 33 45
2021-03-10: 05 14 15 19 25 33
2021-03-12: 05 11 17 34 38 42
2021-03-14: 01 09 11 32 34 42
2021-03-17: 06 11 26 28 36 41
2021-03-19: 05 06 24 34 36 37
2021-03-21: 08 09 11 31 36 39
2021-03-24: 07 14 23 26 37 39
2021-03-26: 02 11 15 18 23 42
2021-03-28: 23 26 40 41 43 44
2021-03-31: 02 04 06 36 41 42
2021-04-02: 01 05 09 16 42 44
2021-04-04: 05 20 27 30 38 43
2021-04-07: 13 15 19 25 33 34
2021-04-09: 03 04 08 17 19 37
2021-04-11: 03 23 27 32 34 39
2021-04-14: 11 12 16 18 33 35
2021-04-16: 08 09 11 28 30 39
2021-04-18: 07 09 15 23 26 27
2021-04-21: 03 12 19 27 32 35
2021-04-23: 13 16 18 22 34 39
2021-04-25: 08 19 21 28 32 44
2021-04-28: 21 39 40 41 43 45
2021-04-30: 03 04 20 21 36 41
2021-05-02: 07 08 30 35 40 44
2021-05-05: 03 14 20 22 37 44
2021-05-07: 10 20 21 27 33 34
2021-05-09: 01 07 16 24 27 37
2021-05-12: 09 15 22 27 34 42
2021-05-14: 03 11 16 20 24 30
2021-05-16: 13 23 33 37 40 43
2021-05-19: 03 12 23 29 33 34
2021-05-21: 04 28 37 38 40 42
2021-05-23: 11 14 22 26 29 44
2021-05-26: 01 10 22 36 38 45
2021-05-28: 02 15 33 41 44 45
2021-05-30: 07 10 19 30 40 45
2021-06-02: 10 20 22 26 31 42
2021-06-04: 19 24 31 32 35 36
2021-06-06: 05 07 10 13 14 42
2021-06-09: 02 07 18 20 24 36
2021-06-11: 08 12 13 14 32 40
2021-06-13: 03 10 12 13 36 44
2021-06-16: 11 19 24 28 31 39
2021-06-18: 10 11 28 29 40 42
2021-06-20: 10 24 27 42 43 45
2021-06-23: 04 07 20 28 33 41
2021-06-25: 03 05 06 23 24 39
2021-06-27: 05 10 29 37 42 44
2021-06-30: 02 05 06 08 10 32
2021-07-02: 01 14 15 18 32 45
2021-07-04: 03 14 15 21 26 37
2021-07-07: 01 06 13 30 34 43
2021-07-09: 04 09 17 18 28 32
2021-07-11: 02 08 15 17 19 30
2021-07-14: 04 11 22 29 37 43
2021-07-16: 01 09 18 26 41 45
2021-07-18: 03 08 19 21 25 36
2021-07-21: 08 10 12 29 34 37
2021-07-23: 19 26 31 33 41 42
2021-08-18: 10 16 19 27 28 36
2021-08-20: 04 08 17 27 32 36
2021-08-22: 06 07 18 25 40 43
2021-08-25: 01 03 05 17 22 33
2021-08-27: 04 10 11 15 24 37
2021-08-29: 01 18 21 25 27 35
2021-09-01: 06 13 33 34 40 45
2021-09-03: 06 11 18 23 32 44
2021-09-05: 15 18 25 27 29 34
2021-09-08: 04 18 28 32 36 40
2021-09-10: 10 16 22 36 43 44
2021-09-12: 04 08 21 29 33 45
2021-09-15: 11 14 17 24 29 35
2021-09-17: 06 10 15 37 39 44
2021-09-19: 06 24 28 31 36 43
2021-09-22: 05 10 19 22 36 45
2021-09-24: 01 04 07 14 16 41
2021-09-26: 13 27 34 35 36 41
2021-09-29: 06 15 16 27 36 42
2021-10-01: 11 15 17 27 28 45
2021-10-03: 06 12 28 30 39 42
2021-10-06: 09 11 15 20 32 36
2021-10-08: 04 13 18 23 33 43
2021-10-10: 03 25 26 29 40 42
2021-10-13: 20 34 37 39 41 42
2021-10-15: 05 13 17 20 29 45
2021-10-17: 04 12 21 22 27 40
2021-10-20: 05 09 33 40 41 45
2021-10-22: 03 05 06 09 28 43
2021-10-24: 06 29 31 32 39 44
2021-10-27: 13 17 26 29 33 39
2021-10-29: 17 19 22 31 32 34
2021-10-31: 09 14 17 18 36 41
2021-11-03: 03 13 15 23 24 44
2021-11-05: 10 16 36 40 41 42
2021-11-07: 05 20 24 25 35 36
2021-11-10: 17 18 19 20 27 44
2021-11-12: 11 14 18 24 35 37
2021-11-14: 03 05 18 28 42 43
2021-11-17: 04 15 25 26 32 35
2021-11-19: 09 10 26 28 39 43
2021-11-21: 01 12 29 40 44 45
2021-11-24: 02 10 18 23 34 36
2021-11-26: 04 18 25 29 32 34
2021-11-28: 13 17 26 27 31 37
2021-12-01: 08 09 30 31 38 45
2021-12-03: 10 14 29 37 38 40
2021-12-05: 03 05 06 31 34 35
2021-12-08: 02 03 16 19 22 34
2021-12-10: 01 04 17 19 24 42
2021-12-12: 16 21 29 40 41 43
2021-12-15: 03 18 29 30 39 41
2021-12-17: 08 15 16 21 25 33
2021-12-19: 12 15 24 30 36 45
2021-12-22: 08 16 17 23 28 38
2021-12-24: 03 17 25 26 36 38
2021-12-26: 04 11 16 24 35 44
2021-12-29: 05 27 33 34 38 40
2021-12-31: 02 05 12 33 41 45
2022-01-02: 11 17 30 36 41 45
2022-01-05: 01 03 08 09 35 40
2022-01-07: 10 13 24 28 38 44
2022-01-09: 06 07 11 22 35 41
2022-01-12: 03 06 13 15 36 44
2022-01-14: 05 14 27 30 38 45
2022-01-16: 01 03 04 05 32 33
2022-01-19: 14 21 25 34 37 39
2022-01-21: 01 13 17 24 27 42
2022-01-23: 13 20 24 32 34 40
2022-01-26: 05 11 15 18 27 43
2022-01-28: 04 06 12 26 27 39
2022-01-30: 01 07 22 26 28 41
2022-02-02: 05 06 14 20 31 38
2022-02-04: 11 16 18 38 40 43
2022-02-06: 05 09 21 24 34 39
2022-02-09: 03 20 27 37 44 45
2022-02-11: 10 11 19 38 41 44
2022-02-13: 14 21 22 24 28 45
2022-02-16: 02 05 08 16 22 42
2022-02-18: 03 14 20 26 28 36
2022-02-20: 04 06 16 30 43 44
2022-02-23: 02 16 18 19 24 29
2022-02-25: 10 13 30 33 39 41
2022-02-27: 10 20 25 27 38 45
2022-03-02: 07 10 13 20 21 34
2022-03-04: 03 19 21 24 27 38
2022-03-06: 11 16 21 33 34 42
2022-03-09: 03 15 35 39 40 43
2022-03-11: 06 20 23 29 34 45
2022-03-13: 01 05 19 20 23 38
2022-03-16: 10 11 14 24 31 45
2022-03-18: 06 10 15 29 41 42
2022-03-20: 01 09 10 12 22 44
2022-03-23: 02 09 37 38 40 43
2022-03-25: 01 12 13 27 29 35
2022-03-27: 08 17 21 39 44 45
2022-03-30: 01 12 26 28 39 45
2022-04-01: 02 19 25 32 41 44
2022-04-03: 05 11 20 26 40 43
2022-04-06: 13 17 19 25 32 45
2022-04-08: 02 13 16 19 20 36
2022-04-10: 04 17 28 30 38 42
2022-04-13: 01 07 20 25 40 41
2022-04-15: 09 18 21 25 35 44
2022-04-17: 05 13 15 28 38 40
2022-04-20: 01 08 17 21 27 37
2022-04-22: 11 13 15 18 24 36
2022-04-24: 09 12 23 30 32 40
2022-04-27: 03 09 14 17 27 32
2022-04-29: 05 12 16 25 26 32
2022-05-01: 08 21 26 35 37 42
2022-05-04: 01 04 23 28 33 38
2022-05-06: 01 03 15 16 34 43
2022-05-08: 04 12 20 25 35 37
2022-05-11: 02 06 07 18 34 41
2022-05-13: 07 08 18 29 41 44
2022-05-15: 05 20 21 31 34 37
2022-05-18: 03 17 23 37 40 42
2022-05-20: 12 17 34 39 44 45
2022-05-22: 01 07 10 24 33 40
2022-05-25: 19 26 27 39 44 45
2022-05-27: 16 21 23 27 35 41
2022-05-29: 02 06 19 24 30 42
2022-06-01: 06 10 21 23 28 39
2022-06-03: 05 08 34 38 39 41
2022-06-05: 06 08 21 28 30 35
2022-06-08: 02 10 13 15 22 36
2022-06-10: 10 23 25 26 30 41
2022-06-12: 06 14 19 22 40 42
2022-06-15: 01 06 12 20 36 39
2022-06-17: 05 08 26 29 35 44
2022-06-19: 01 24 25 31 39 40
2022-06-22: 03 20 23 30 33 35
2022-06-24: 07 16 18 32 34 44
2022-06-26: 03 07 08 18 27 36
2022-06-29: 01 19 20 27 30 32
2022-07-01: 17 26 30 31 33 39
2022-07-03: 08 14 17 20 21 40
2022-07-06: 04 12 14 15 41 42
2022-07-08: 06 07 12 18 21 43
2022-07-10: 12 23 29 36 37 41
2022-07-13: 04 09 21 28 35 37
2022-07-15: 04 30 35 39 42 43
2022-07-17: 07 13 20 23 27 29
2022-07-20: 05 06 20 22 26 39
2022-07-22: 04 10 18 22 31 37
2022-07-24: 04 11 17 29 30 44
2022-07-27: 09 15 18 22 32 41
2022-07-29: 05 07 11 20 31 37
2022-07-31: 03 08 15 16 40 42
2022-08-03: 05 14 30 36 38 42
2022-08-05: 10 13 14 32 37 42
2022-08-07: 06 09 10 13 24 27
2022-08-10: 04 08 10 15 26 31
2022-08-12: 05 07 16 20 36 41
2022-08-14: 09 13 21 24 34 35
2022-08-17: 23 29 35 37 39 45
2022-08-19: 25 26 33 39 41 43
2022-08-21: 05 19 21 23 28 36
2022-08-24: 12 20 21 23 27 34
2022-08-26: 03 30 31 32 36 45
2022-08-28: 08 16 31 37 39 41
2022-08-31: 04 10 28 29 31 34
2022-09-02: 02 03 14 21 31 33
2022-09-04: 05 17 19 27 35 39
2022-09-07: 08 09 10 20 35 38
2022-09-09: 04 06 13 14 28 39
2022-09-11: 04 15 20 31 43 44
2022-09-14: 03 12 15 20 24 45
2022-09-16: 02 26 35 41 42 43
2022-09-18: 03 05 10 17 25 29
2022-09-21: 05 10 14 25 42 45
2022-09-23: 01 12 21 28 30 44
2022-09-25: 03 05 08 31 33 34
2022-09-28: 04 05 07 24 27 30
2022-09-30: 04 11 19 20 35 41
2022-10-02: 03 17 28 30 31 32
2022-10-05: 09 18 23 24 29 34
2022-10-07: 18 20 29 34 36 38
2022-10-09: 13 15 20 25 35 43
2022-10-12: 01 07 13 16 27 35
2022-10-14: 01 06 22 25 30 34
2022-10-16: 02 05 19 26 38 40
2022-10-19: 01 03 07 10 21 29
2022-10-21: 10 16 17 18 34 42
2022-10-23: 02 11 18 33 36 45
2022-10-26: 02 03 10 15 31 36
2022-10-28: 16 21 22 33 42 45
2022-10-30: 15 27 31 36 38 41
2022-11-02: 02 17 23 27 37 42
2022-11-04: 09 13 16 24 33 45
2022-11-06: 08 10 12 14 17 31
2022-11-09: 07 09 16 20 30 32
2022-11-11: 02 03 09 15 17 43
2022-11-13: 03 04 27 32 40 43
2022-11-16: 02 03 12 32 35 44
2022-11-18: 15 16 22 25 29 33
2022-11-20: 01 04 14 22 24 40
2022-11-23: 04 13 15 20 37 38
2022-11-25: 14 20 24 30 35 41
2022-11-27: 01 26 27 35 36 43
2022-11-30: 07 15 20 25 32 37
2022-12-02: 02 18 21 24 38 44
2022-12-04: 04 05 07 09 27 39
2022-12-07: 08 11 19 24 26 42
2022-12-09: 04 23 25 30 40 41
2022-12-11: 09 11 16 17 22 33
2022-12-14: 13 29 35 37 38 41
2022-12-16: 06 19 22 26 38 39
2022-12-18: 02 12 13 33 36 42
2022-12-21: 08 12 20 26 35 37
2022-12-23: 02 14 21 22 35 43
2022-12-25: 15 17 21 28 37 43
2022-12-28: 04 05 10 21 33 37
2022-12-30: 03 24 31 35 39 42
2023-01-01: 16 20 26 30 32 40
2023-01-04: 03 05 07 37 39 42
2023-01-06: 02 07 16 25 35 38
2023-01-08: 11 29 32 39 40 43
2023-01-11: 01 18 22 33 34 43
2023-01-13: 03 11 14 20 26 42
2023-01-15: 08 09 15 21 26 45
2023-01-20: 03 07 13 29 32 44
2023-01-25: 12 14 18 22 28 31
2023-01-27: 10 13 21 29 41 43
2023-01-29: 05 21 26 27 32 33
2023-02-01: 16 21 27 29 34 44
2023-02-03: 04 11 16 30 33 43
2023-02-05: 13 15 23 29 31 34
2023-02-08: 06 18 20 22 26 34
2023-02-10: 01 11 23 27 33 39
2023-02-12: 03 05 11 23 24 42
2023-02-15: 01 02 08 20 24 31
2023-02-17: 01 05 10 13 23 25
2023-02-19: 02 20 22 28 29 38
2023-02-22: 08 16 22 23 28 38
2023-02-24: 01 10 16 22 35 44
2023-02-26: 04 09 16 26 28 42
2023-03-01: 13 14 29 33 38 43
2023-03-03: 10 22 26 27 33 43
2023-03-05: 09 11 24 31 36 44
2023-03-08: 10 13 22 25 28 36
2023-03-10: 03 05 13 22 36 44
2023-03-12: 10 28 29 31 33 37
2023-03-15: 11 19 23 28 34 35
2023-03-17: 05 07 12 22 26 33
2023-03-19: 02 07 10 21 28 35
2023-03-22: 05 08 10 15 17 41
2023-03-24: 06 14 15 18 24 41
2023-03-26: 06 16 18 25 34 45
2023-03-29: 03 06 12 28 29 43
2023-03-31: 01 09 10 15 30 42
2023-04-02: 02 24 36 38 42 43
2023-04-05: 04 08 12 15 19 43
2023-04-07: 09 14 22 29 39 41
2023-04-09: 12 15 25 30 34 39
2023-04-12: 04 07 27 28 32 43
2023-04-14: 08 16 23 27 32 41
2023-04-16: 08 17 20 25 33 36
2023-04-19: 10 27 37 40 42 43
2023-04-21: 02 04 07 10 20 44
2023-04-23: 01 02 22 30 37 42
2023-04-26: 01 04 07 09 34 37
2023-04-28: 05 11 25 33 42 44
2023-04-30: 07 09 23 24 33 36
2023-05-03: 18 23 28 29 39 44
2023-05-05: 22 28 31 35 36 38
2023-05-07: 04 30 31 33 35 45
2023-05-10: 07 08 09 13 15 27
2023-05-12: 02 06 08 09 15 27
2023-05-14: 07 08 13 37 42 44
2023-05-17: 02 06 13 20 28 44
2023-05-19: 03 09 10 27 35 38
2023-05-21: 08 10 17 19 24 41
2023-05-24: 09 11 15 28 33 44
2023-05-26: 08 10 19 25 35 44
2023-05-28: 06 13 19 20 37 44
2023-05-31: 04 09 10 22 41 44
2023-06-02: 03 11 14 19 21 43
2023-06-04: 03 15 19 35 36 43
2023-06-07: 01 07 14 16 34 44
2023-06-09: 15 16 23 25 40 41
2023-06-11: 05 18 22 40 41 44
2023-06-14: 02 28 31 37 41 44
2023-06-16: 24 26 32 37 38 41
2023-06-18: 03 04 08 18 21 33
2023-06-21: 07 13 19 35 37 38
2023-06-23: 10 14 15 20 24 45
2023-06-25: 04 06 07 25 26 30
2023-06-28: 04 08 24 31 42 45
2023-06-30: 02 05 20 23 31 38
2023-07-02: 03 05 08 17 37 41
2023-07-05: 01 12 24 27 36 44
2023-07-07: 05 09 12 20 37 42
2023-07-09: 14 16 27 28 33 41
2023-07-12: 19 24 27 31 33 43
2023-07-14: 04 05 13 19 27 37
2023-07-16: 01 07 16 18 21 29
2023-07-19: 06 10 19 37 43 45
2023-07-21: 09 20 31 33 36 45
2023-07-23: 14 17 23 32 33 43
2023-07-26: 04 13 18 21 29 37
2023-07-28: 07 27 28 30 31 35
2023-07-30: 03 17 23 33 42 45
2023-08-02: 04 21 27 38 39 44
2023-08-04: 02 12 22 38 41 44
2023-08-06: 04 15 19 25 30 38
2023-08-09: 18 22 30 31 39 41
2023-08-11: 16 21 26 29 30 45
2023-08-13: 09 15 23 33 35 40
2023-08-16: 05 07 25 31 39 41
2023-08-18: 12 19 21 22 34 38
2023-08-20: 07 08 22 23 30 42
2023-08-23: 05 14 18 19 29 31
2023-08-25: 08 18 30 32 38 45
2023-08-27: 24 27 30 37 44 45
2023-08-30: 13 17 20 28 30 33
2023-09-01: 09 14 16 19 28 41
2023-09-03: 01 33 38 39 44 45
2023-09-06: 03 04 12 18 19 29
2023-09-08: 06 08 14 29 39 42
2023-09-10: 04 05 10 18 27 40
2023-09-13: 02 04 07 09 12 13
2023-09-15: 02 03 05 07 10 38
2023-09-17: 06 10 15 36 39 43
2023-09-20: 03 06 20 39 40 41
2023-09-22: 02 16 17 18 20 23
2023-09-24: 04 08 23 27 30 36
2023-09-27: 03 12 22 30 37 39
2023-09-29: 02 08 24 27 30 43
2023-10-01: 02 11 13 16 41 43
2023-10-04: 07 17 21 32 40 45
2023-10-06: 18 19 24 28 33 40
2023-10-08: 04 16 22 28 33 39
2023-10-11: 05 10 30 40 44 45
2023-10-13: 01 11 16 39 40 45
2023-10-15: 04 05 09 27 34 39
2023-10-18: 02 07 18 20 24 29
2023-10-20: 04 16 21 24 26 37
2023-10-22: 10 13 14 19 35 40
2023-10-25: 04 06 13 25 31 41
2023-10-27: 07 10 14 21 26 37
2023-10-29: 05 07 15 21 32 45
2023-11-01: 01 03 15 16 23 28
2023-11-03: 02 07 09 13 22 38
2023-11-05: 01 13 16 18 23 25
2023-11-08: 07 20 23 27 31 33
2023-11-10: 01 04 10 13 14 44
2023-11-12: 02 04 10 15 27 31
2023-11-15: 02 03 12 16 30 37
2023-11-17: 16 20 25 26 36 41
2023-11-19: 01 03 19 20 26 34
2023-11-22: 15 18 20 23 37 39
2023-11-24: 05 18 22 34 41 45
2023-11-26: 04 06 15 23 25 36
2023-11-29: 09 22 24 32 38 39
2023-12-01: 05 10 14 21 27 32
2023-12-03: 12 14 16 21 29 32
2023-12-06: 18 19 20 29 41 42
2023-12-08: 11 15 16 17 42 43
2023-12-10: 09 10 11 17 41 44
2023-12-13: 03 07 11 20 28 44
2023-12-15: 01 05 10 11 20 40
2023-12-17: 03 07 18 20 31 33
2023-12-20: 05 15 16 21 22 32
2023-12-22: 02 12 14 16 34 38
2023-12-24: 01 02 05 24 40 43
2023-12-27: 08 16 23 34 36 39
2023-12-29: 16 20 22 35 37 39
2023-12-31: 13 14 23 25 34 44
2024-01-03: 09 14 19 20 29 40
2024-01-05: 09 16 29 31 33 42
2024-01-07: 03 04 15 18 36 45
2024-01-10: 10 12 18 19 29 43
2024-01-12: 10 11 20 27 39 43
2024-01-14: 02 08 19 20 24 42
2024-01-17: 14 19 21 36 43 44
2024-01-19: 08 15 20 24 43 44
2024-01-21: 11 20 22 23 26 31
2024-01-24: 07 27 30 36 39 45
2024-01-26: 08 19 22 27 31 35
2024-01-28: 03 23 25 29 36 41
2024-01-31: 09 11 15 35 38 41
2024-02-02: 01 15 29 31 32 34
2024-02-04: 09 15 21 29 33 39
2024-02-07: 17 21 24 25 39 42
2024-02-11: 07 18 31 33 35 41
2024-02-14: 08 09 11 12 40 44
2024-02-16: 06 10 16 20 40 42
2024-02-18: 05 19 20 21 24 40
2024-02-21: 02 08 14 19 24 42
2024-02-23: 04 17 19 27 28 36
2024-02-25: 05 07 10 12 15 26
2024-02-28: 01 10 21 25 32 39
2024-03-01: 20 22 24 26 28 37
2024-03-03: 03 10 17 20 22 27
2024-03-06: 11 15 34 39 41 43
2024-03-08: 02 26 28 40 41 45
2024-03-10: 04 12 19 23 36 41
2024-03-13: 01 13 25 30 34 40
2024-03-15: 09 11 16 29 31 33
2024-03-17: 01 03 05 26 30 42
2024-03-20: 08 14 26 28 43 45
2024-03-22: 05 06 11 20 24 45
2024-03-24: 01 14 22 28 32 42
2024-03-27: 06 29 31 35 42 44
2024-03-29: 04 07 25 34 35 38
2024-03-31: 05 12 13 17 40 41
2024-04-03: 07 11 14 22 29 34
2024-04-05: 14 18 22 29 36 37
2024-04-07: 03 11 15 17 24 35
2024-04-10: 02 10 30 33 34 40
2024-04-12: 06 17 18 26 43 45
2024-04-14: 07 12 16 29 42 45
2024-04-17: 09 16 26 27 32 41
2024-04-19: 02 03 20 21 32 33
2024-04-21: 07 21 36 38 40 45
2024-04-24: 07 21 30 33 38 39
2024-04-26: 02 03 25 34 35 38
2024-04-28: 01 13 14 22 23 37
2024-05-01: 07 09 17 20 25 29
2024-05-03: 01 13 14 21 27 43
2024-05-05: 10 12 14 16 21 39
2024-05-08: 02 10 13 22 30 34
2024-05-10: 12 13 31 38 42 43
2024-05-12: 03 05 06 09 32 45
2024-05-15: 03 11 13 21 24 34
2024-05-17: 08 22 27 29 39 43
2024-05-19: 05 19 25 35 37 39
2024-05-22: 02 03 10 22 41 43
2024-05-24: 02 14 15 17 23 40
2024-05-26: 04 09 11 14 19 27
2024-05-29: 04 21 25 27 35 39
2024-05-31: 04 08 15 23 31 40
2024-06-02: 02 07 13 23 25 45
2024-06-05: 11 25 28 33 34 45
2024-06-07: 15 19 24 25 27 39
2024-06-09: 04 05 28 32 37 42
2024-06-12: 01 02 08 13 26 34
2024-06-14: 10 24 25 26 30 41
2024-06-16: 03 16 17 18 25 37
2024-06-19: 08 12 17 23 26 27
2024-06-21: 03 07 11 16 19 35
2024-06-23: 09 11 19 29 31 44
2024-06-26: 08 10 29 30 33 40
2024-06-28: 04 06 16 32 41 44
2024-06-30: 05 23 25 28 30 43
2024-07-03: 11 18 24 34 38 43
2024-07-05: 04 23 33 38 40 44
2024-07-07: 04 08 22 23 26 45
2024-07-10: 23 24 36 37 40 45
2024-07-12: 11 17 25 26 28 29
2024-07-14: 09 18 33 37 38 43
2024-07-17: 09 10 11 16 21 30
2024-07-19: 01 10 20 25 34 35
2024-07-21: 09 10 23 25 28 38
2024-07-24: 07 08 20 27 32 34
2024-07-26: 18 20 28 31 39 45
2024-07-28: 01 13 21 25 31 39
2024-07-31: 02 04 12 16 18 42
2024-08-02: 09 14 19 34 37 41
2024-08-04: 01 04 16 18 20 32
2024-08-07: 11 19 22 29 40 44
2024-08-09: 06 14 15 24 26 39
2024-08-11: 17 18 19 33 35 37
2024-08-14: 01 06 09 21 43 44
2024-08-16: 16 22 23 30 34 41
2024-08-18: 04 13 28 33 35 38
2024-08-21: 07 08 09 15 22 30
2024-08-23: 07 13 26 28 35 41
2024-08-25: 06 10 15 17 40 42
2024-08-28: 04 05 17 25 39 41
2024-08-30: 02 15 19 26 34 36
2024-09-01: 30 31 33 38 42 43
2024-09-04: 02 07 15 18 24 33
2024-09-06: 05 25 28 32 36 41
2024-09-08: 03 08 10 26 34 37
2024-09-11: 06 11 19 23 34 37
2024-09-13: 06 12 27 34 41 42
2024-09-15: 03 11 28 32 33 35
2024-09-18: 04 08 27 28 35 36
2024-09-20: 13 14 19 20 30 33
2024-09-22: 20 23 28 36 40 42
2024-09-25: 10 23 25 27 31 37
2024-09-27: 01 06 18 25 39 44
2024-09-29: 03 07 16 17 41 42
2024-10-02: 05 06 11 23 31 36
2024-10-04: 08 10 21 32 39 44
2024-10-06: 07 14 33 36 42 43
2024-10-09: 14 18 20 22 34 45
2024-10-11: 11 19 26 28 29 43
2024-10-13: 07 10 13 17 21 45
2024-10-16: 04 14 19 23 24 37
2024-10-18: 13 19 20 22 24 37
2024-10-20: 06 23 24 25 26 34
2024-10-23: 22 27 28 31 37 44
2024-10-25: 03 10 31 32 34 40
2024-10-27: 18 21 28 29 33 45
2024-10-30: 04 13 20 29 32 37
2024-11-01: 20 22 23 32 35 40
2024-11-03: 01 04 05 16 20 22
2024-11-06: 01 02 03 11 25 37
2024-11-08: 11 15 18 27 34 37
2024-11-10: 03 07 11 12 13 40
2024-11-13: 03 23 28 35 39 42
2024-11-15: 08 13 31 36 37 40
2024-11-17: 11 17 29 31 38 42
2024-11-20: 04 16 24 29 31 37
2024-11-22: 01 14 15 19 38 40
2024-11-24: 05 14 15 21 33 36
2024-11-27: 06 21 24 31 42 44
2024-11-29: 12 15 33 35 37 45
2024-12-01: 15 17 25 29 33 35
2024-12-04: 07 14 19 24 34 36
2024-12-06: 08 14 18 26 34 42
2024-12-08: 01 13 24 26 27 37
2024-12-11: 02 10 17 23 29 33
2024-12-13: 03 07 29 36 37 44
2024-12-15: 01 10 20 22 23 36
2024-12-18: 03 07 12 16 26 34
2024-12-20: 06 09 12 21 28 33
2024-12-22: 15 16 24 27 31 44
2024-12-25: 08 13 20 25 28 39
2024-12-27: 01 10 13 24 25 33
2024-12-29: 05 08 19 31 34 43
2025-01-01: 14 20 25 28 36 40
2025-01-03: 06 12 21 27 34 41
2025-01-05: 02 07 15 37 41 42
2025-01-08: 02 03 17 33 37 38
2025-01-10: 02 04 08 28 42 44
2025-01-12: 02 09 12 14 41 44
2025-01-15: 02 06 08 10 23 33
2025-01-17: 02 12 22 31 34 35
2025-01-19: 05 06 10 19 32 38
2025-01-22: 03 21 26 29 32 33
2025-01-24: 01 07 11 22 31 34
2025-01-26: 05 08 09 11 20 29
2025-01-31: 02 15 16 32 42 45
2025-02-02: 15 20 22 29 32 36
2025-02-05: 04 06 09 14 25 41
2025-02-07: 04 05 25 27 35 39
2025-02-09: 08 16 22 27 31 34
2025-02-12: 07 19 31 39 42 43
2025-02-14: 06 08 10 27 28 32
2025-02-16: 11 19 26 28 35 40
2025-02-19: 01 06 10 11 25 29
2025-02-21: 04 09 19 20 30 42
2025-02-23: 10 12 15 17 24 33
2025-02-26: 02 13 15 16 18 20
2025-02-28: 10 11 14 16 21 29
2025-03-02: 08 24 30 33 42 45
2025-03-05: 10 22 32 37 41 43
2025-03-07: 08 11 12 20 25 32
2025-03-09: 10 11 30 33 44 45
2025-03-12: 19 26 30 32 36 42
2025-03-14: 07 11 13 16 28 30
2025-03-16: 02 12 14 16 38 45
2025-03-19: 12 23 27 28 29 43
2025-03-21: 31 32 34 41 42 45
2025-03-23: 05 06 08 09 36 45
2025-03-26: 17 24 25 30 35 39
2025-03-28: 05 07 22 28 29 34
2025-03-30: 14 15 33 38 42 45
2025-04-02: 08 14 15 22 31 34
2025-04-04: 02 13 24 25 28 38
2025-04-06: 03 05 06 13 18 22
2025-04-09: 05 08 11 22 41 44
2025-04-11: 01 13 14 26 37 43
2025-04-13: 13 14 18 25 30 32
2025-04-16: 05 08 12 16 28 32
2025-04-18: 05 20 21 22 29 44
2025-04-20: 05 07 14 26 29 44
2025-04-23: 07 12 23 34 42 43
2025-04-25: 04 08 09 10 20 34
2025-04-27: 08 11 31 35 36 45
2025-04-30: 01 17 26 33 36 44
2025-05-02: 03 07 32 37 42 45
2025-05-04: 06 07 08 09 12 29
2025-05-07: 08 27 28 31 34 40
2025-05-09: 01 07 09 34 40 42
2025-05-11: 13 15 17 22 28 43
2025-05-14: 19 24 27 37 44 45
2025-05-16: 05 09 14 22 32 44
2025-05-18: 06 07 17 27 30 42
2025-05-21: 02 13 14 21 24 30
2025-05-23: 02 04 15 16 29 43
2025-05-25: 05 14 23 24 28 44
2025-05-28: 17 22 23 28 31 41
2025-05-30: 04 07 12 35 37 41
2025-06-01: 09 24 29 37 42 44
2025-06-04: 11 23 26 27 29 32
2025-06-06: 24 26 35 39 41 45
2025-06-08: 06 17 18 19 31 37
2025-06-11: 10 13 22 27 41 45
2025-06-13: 01 13 19 28 30 36
2025-06-15: 15 16 22 23 29 32
2025-06-18: 19 23 24 26 36 41
2025-06-20: 02 08 18 22 26 29
2025-06-22: 01 09 14 20 34 41
2025-06-25: 08 10 26 29 35 39
2025-06-27: 09 14 26 30 44 45
2025-06-29: 10 23 25 26 27 28
2025-07-02: 12 16 21 28 34 41
2025-07-04: 07 09 21 29 41 45
2025-07-06: 05 08 13 23 36 45
2025-07-09: 07 08 30 32 33 44
2025-07-11: 11 20 22 24 43 45
2025-07-13: 09 17 22 27 35 36
2025-07-16: 06 11 14 19 21 42
2025-07-18: 07 22 24 28 42 45
2025-07-20: 11 13 14 20 37 42
2025-07-23: 24 26 29 32 37 44
2025-07-25: 20 30 34 35 38 39
2025-07-27: 01 09 12 27 39 45
2025-07-30: 02 03 06 16 26 34
2025-08-01: 05 29 30 31 36 38
2025-08-03: 05 14 24 26 37 43
2025-08-06: 03 12 14 18 29 34
2025-08-08: 11 17 20 26 27 38
2025-08-10: 13 21 26 28 31 35
2025-08-13: 10 15 28 30 35 45
2025-08-15: 05 22 27 36 43 45
2025-08-17: 15 24 26 29 31 42
2025-08-20: 04 09 27 32 38 42
2025-08-22: 01 09 10 13 37 39
2025-08-24: 02 09 20 28 32 43
2025-08-27: 03 11 18 39 40 42
2025-08-29: 02 04 10 24 35 36
2025-08-31: 03 04 14 30 32 38
2025-09-03: 14 21 23 28 44 45
2025-09-05: 01 10 20 22 41 43
2025-09-07: 06 29 30 39 42 44
2025-09-10: 07 10 18 20 24 36
2025-09-12: 17 22 24 37 42 43
2025-09-14: 03 06 09 10 30 37
2025-09-17: 11 23 25 35 38 45
2025-09-19: 04 06 17 18 28 41
2025-09-21: 02 03 06 21 28 38
2025-09-24: 03 05 17 31 32 40
2025-09-26: 12 17 19 27 28 36
2025-09-28: 08 13 18 26 36 39
2025-10-01: 03 06 07 19 30 35
2025-10-03: 29 31 32 33 34 35
2025-10-05: 05 14 22 28 32 39
2025-10-08: 08 10 11 18 23 32
2025-10-10: 04 05 25 34 39 43
2025-10-12: 04 10 16 20 28 34
2025-10-15: 01 06 18 20 29 40
2025-10-17: 15 17 18 26 31 42
2025-10-19: 16 17 25 26 28 37
2025-10-22: 05 11 12 24 28 44
2025-10-24: 02 11 24 31 32 38
2025-10-26: 18 30 34 42 43 45
2025-10-29: 07 26 35 39 41 42
2025-10-31: 03 10 31 34 36 43
2025-11-02: 03 07 12 20 30 44
2025-11-05: 02 09 18 25 30 31
2025-11-07: 03 04 20 28 39 42
2025-11-09: 13 23 27 30 37 43
2025-11-12: 16 24 29 37 40 44
2025-11-14: 03 10 15 27 41 42
2025-11-16: 15 20 31 33 34 45
2025-11-19: 09 12 19 30 40 43
2025-11-21: 08 11 18 25 28 35
2025-11-23: 04 12 19 42 43 44
2025-11-26: 02 08 15 19 30 38
2025-11-28: 02 09 17 23 39 41
2025-11-30: 07 13 26 30 34 42
2025-12-03: 08 15 20 23 31 34
2025-12-05: 02 19 23 37 42 43
2025-12-07: 01 05 23 28 29 43
2025-12-10: 07 18 22 29 30 36
2025-12-12: 03 07 13 17 38 44
2025-12-14: 08 11 13 16 28 32
2025-12-17: 05 14 24 38 41 43
2025-12-19: 01 21 36 42 43 44
2025-12-21: 06 09 12 18 29 43
2025-12-24: 15 19 31 35 43 45
2025-12-26: 04 06 16 25 27 40
2025-12-28: 01 02 07 16 31 37
2025-12-31: 01 25 35 36 37 45
2026-01-02: 07 18 22 32 37 38
2026-01-04: 02 12 21 29 35 44
2026-01-07: 01 05 07 28 31 43
2026-01-09: 08 09 17 21 36 45
2026-01-11: 08 10 21 25 31 38
2026-01-14: 01 22 23 28 39 45
2026-01-16: 02 10 21 31 34 40
2026-01-18: 02 05 15 26 39 42
2026-01-21: 01 18 23 24 29 37
2026-01-23: 09 15 16 20 22 31
2026-01-25: 02 19 20 24 33 34
2026-01-28: 04 10 16 19 27 40
2026-01-30: 16 17 30 41 42 45
2026-02-01: 01 18 21 23 30 36
2026-02-04: 02 12 14 17 39 43
2026-02-06: 02 07 13 17 42 45
2026-02-08: 06 13 16 20 23 38
2026-02-11: 15 20 35 40 44 45
2026-02-13: 08 12 31 36 42 43
2026-02-15: 04 06 07 20 28 43
2026-02-18: 01 07 19 23 26 44
2026-02-20: 04 25 28 33 34 45
2026-02-22: 07 23 24 36 38 40
2026-02-25: 04 13 20 22 23 29
2026-02-27: 02 04 08 15 17 28
2026-03-01: 16 22 23 35 44 45
2026-03-04: 01 04 06 09 13 44
2026-03-06: 02 10 12 21 32 37
2026-03-08: 06 12 13 25 31 32
2026-03-11: 16 18 19 28 31 44
2026-03-13: 11 12 20 22 31 33
2026-03-15: 04 07 11 26 42 44
2026-03-18: 14 20 33 35 36 44
2026-03-20: 08 11 22 23 38 43
2026-03-22: 05 10 22 26 31 36
2026-03-25: 16 22 24 29 35 36
2026-03-27: 05 07 13 19 38 45
2026-03-29: 05 08 18 30 37 45
2026-04-01: 06 30 34 36 37 44
2026-04-03: 02 04 23 24 35 41
2026-04-05: 02 09 23 30 32 42
2026-04-08: 05 08 23 26 38 41
2026-04-10: 07 08 10 16 28 35
2026-04-12: 01 10 11 32 39 42
2026-04-15: 21 22 33 35 36 43
2026-04-17: 01 10 19 31 36 38
2026-04-19: 07 10 15 27 33 35
2026-04-22: 02 06 15 16 17 37
2026-04-24: 20 29 33 36 41 42
2026-04-26: 12 18 22 25 31 41
2026-04-29: 04 14 15 16 17 25
2026-05-01: 04 21 25 31 41 43`;

// ── Analytics Engine (pure JS, no AI) ──────────────────────────────────────
function parseDraws(raw, days) {
  const lines = raw.trim().split("\n").filter(l => l.trim());
  return lines.slice(-days).map((line, idx) => {
    const colonIdx = line.indexOf(":");
    const date = colonIdx > -1 ? line.slice(0, colonIdx).trim() : `Ky ${idx+1}`;
    const numStr = colonIdx > -1 ? line.slice(colonIdx+1) : line;
    const nums = numStr.trim().split(/\s+/).map(Number).filter(n => !isNaN(n) && n > 0);
    return { date, nums, idx };
  }).filter(d => d.nums.length > 0);
}

function computeFrequency(draws) {
  const freq = {};
  draws.forEach(({ nums }) => nums.forEach(n => { freq[n] = (freq[n]||0)+1; }));
  const total = draws.length;
  const arr = Object.entries(freq).map(([n, c]) => ({
    number: +n, count: c, percentage: +((c/total)*100).toFixed(1)
  }));
  const desc = [...arr].sort((a,b) => b.count - a.count);
  return { most_frequent: desc.slice(0,10), least_frequent: [...desc].reverse().slice(0,10) };
}

function computeGap(draws) {
  const occ = {};
  draws.forEach(({ nums, idx }) => nums.forEach(n => {
    if (!occ[n]) occ[n] = [];
    occ[n].push(idx);
  }));
  return Object.entries(occ).map(([n, idxs]) => {
    const gaps = idxs.slice(1).map((v,i) => v - idxs[i]);
    const avg_gap = gaps.length ? +(gaps.reduce((a,b)=>a+b,0)/gaps.length).toFixed(1) : draws.length;
    const lastIdx = idxs[idxs.length-1];
    return {
      number: +n, avg_gap, appearances: idxs.length,
      last_seen: draws[lastIdx]?.date,
      days_since: draws.length - 1 - lastIdx
    };
  }).sort((a,b) => a.avg_gap - b.avg_gap).slice(0,12);
}

function computeCooccurrence(draws) {
  const pairs = {};
  draws.forEach(({ nums }) => {
    for (let i=0; i<nums.length; i++)
      for (let j=i+1; j<nums.length; j++) {
        const key = [nums[i],nums[j]].sort((a,b)=>a-b).join(",");
        pairs[key] = (pairs[key]||0)+1;
      }
  });
  return Object.entries(pairs)
    .map(([k,c]) => ({ pair: k.split(",").map(Number), count: c, frequency: +((c/draws.length)*100).toFixed(1) }))
    .sort((a,b) => b.count - a.count).slice(0,10);
}

function erf(x) {
  const t = 1/(1+0.3275911*Math.abs(x));
  const p = t*(0.254829592+t*(-0.284496736+t*(1.421413741+t*(-1.453152027+t*1.061405429))));
  const r = 1 - p*Math.exp(-x*x);
  return x>=0 ? r : -r;
}

function computeChiSquare(draws) {
  const freq = {};
  let total = 0;
  draws.forEach(({ nums }) => nums.forEach(n => { freq[n]=(freq[n]||0)+1; total++; }));
  const nums = Object.keys(freq);
  const k = nums.length;
  const expected = total/k;
  const chi2 = nums.reduce((s,n) => s + Math.pow(freq[n]-expected,2)/expected, 0);
  const df = k-1;
  const x = chi2/df;
  const z = (Math.pow(x,1/3) - (1-2/(9*df))) / Math.sqrt(2/(9*df));
  const p_value = Math.max(0.0001, Math.min(0.9999, +(1-0.5*(1+erf(z/Math.sqrt(2)))).toFixed(4)));
  const conclusion = p_value > 0.05
    ? `P-value = ${p_value} > 0.05: Khong co bang chung thong ke ve quy luat phi tu nhien. Du lieu phu hop phan phoi ngau nhien.`
    : `P-value = ${p_value} < 0.05: Co dau hieu phan phoi khong deu. Can them du lieu de ket luan.`;
  return { statistic: +chi2.toFixed(3), p_value, degrees_of_freedom: df, conclusion };
}

function computeMonteCarlo(draws, N=10000) {
  const freq = {};
  draws.forEach(({ nums }) => nums.forEach(n => { freq[n]=(freq[n]||0)+1; }));
  const nums = Object.keys(freq).map(Number);
  const weights = nums.map(n => freq[n]);
  const total = weights.reduce((a,b)=>a+b,0);
  const cum = [];
  let s=0;
  weights.forEach(w => { s+=w/total; cum.push(s); });
  const pick = () => {
    const r = Math.random();
    for (let i=0; i<cum.length; i++) if (r<=cum[i]) return nums[i];
    return nums[nums.length-1];
  };
  const pickSet = () => {
    const chosen = new Set();
    let tries=0;
    while (chosen.size<6 && tries++<100) chosen.add(pick());
    return [...chosen].sort((a,b)=>a-b);
  };
  const counts = {};
  for (let i=0; i<N; i++) {
    const k = pickSet().join(",");
    counts[k] = (counts[k]||0)+1;
  }
  return Object.entries(counts)
    .sort((a,b)=>b[1]-a[1]).slice(0,5)
    .map(([k,c],i) => ({
      rank:i+1, numbers:k.split(",").map(Number),
      appearances:c, probability: +((c/N)*100).toFixed(3)
    }));
}

function runAnalysis(raw, days) {
  const draws = parseDraws(raw, days);
  if (!draws.length) throw new Error("Khong parse duoc du lieu. Kiem tra dinh dang: YYYY-MM-DD: n1 n2 n3...");
  return {
    days_analyzed: draws.length,
    frequency: computeFrequency(draws),
    gap: computeGap(draws),
    cooccurrence: computeCooccurrence(draws),
    chi_square: computeChiSquare(draws),
    monte_carlo: computeMonteCarlo(draws),
  };
}

async function fetchSummary(stats) {
  const top3 = stats.frequency.most_frequent.slice(0,3).map(x=>x.number).join(", ");
  const cold3 = stats.frequency.least_frequent.slice(0,3).map(x=>x.number).join(", ");
  const topPair = stats.cooccurrence[0]?.pair?.join(" va ") || "N/A";
  const prompt = `Ban la chuyen gia thong ke xo so. Nhan xet ngan (3-4 cau) bang tieng Viet ve:
- ${stats.days_analyzed} ky phan tich
- So nong: ${top3} | So lanh: ${cold3}
- Cap so xuat hien nhieu nhat: ${topPair} (${stats.cooccurrence[0]?.count} lan)
- Chi-square p-value: ${stats.chi_square.p_value} (${stats.chi_square.p_value>0.05?"ngau nhien":"co quy luat?"})
Chi tra ve doan van nhan xet.`;
  try {
    const res = await fetch("https://api.anthropic.com/v1/messages", {
      method:"POST",
      headers:{"Content-Type":"application/json"},
      body:JSON.stringify({
        model:"claude-sonnet-4-20250514", max_tokens:400,
        messages:[{role:"user",content:prompt}]
      })
    });
    const d = await res.json();
    return d.content?.[0]?.text || "";
  } catch { return ""; }
}

// ── UI ──────────────────────────────────────────────────────────────────────
function Dots() {
  return <span style={{display:"inline-flex",gap:4,alignItems:"center"}}>
    {[0,1,2].map(i=><span key={i} style={{width:6,height:6,borderRadius:"50%",background:"#f59e0b",
      animation:"bonce 1.2s infinite",animationDelay:`${i*0.2}s`}}/>)}
    <style>{`@keyframes bonce{0%,80%,100%{transform:translateY(0)}40%{transform:translateY(-6px)}}`}</style>
  </span>;
}

function Ball({ n, hot, size=36 }) {
  return <span style={{
    display:"inline-flex",alignItems:"center",justifyContent:"center",
    width:size,height:size,borderRadius:"50%",
    background:hot?"linear-gradient(135deg,#f59e0b,#ef4444)":"linear-gradient(135deg,#1e3a5f,#0f2344)",
    color:"#fff",fontWeight:700,fontSize:size>30?13:11,flexShrink:0,
    border:hot?"2px solid #fbbf24":"2px solid #2d5a8e",
    boxShadow:hot?"0 0 12px rgba(245,158,11,0.6)":"0 2px 6px rgba(0,0,0,0.4)",
  }}>{String(n).padStart(2,"0")}</span>;
}

function Card({ title, value, sub, color="#f59e0b" }) {
  return <div style={{background:"rgba(15,35,68,0.8)",border:`1px solid ${color}33`,
    borderRadius:12,padding:"16px 20px",borderLeft:`3px solid ${color}`}}>
    <div style={{color:"#8899bb",fontSize:11,textTransform:"uppercase",letterSpacing:1}}>{title}</div>
    <div style={{color,fontSize:24,fontWeight:800,fontFamily:"'Courier New',monospace",margin:"4px 0 2px"}}>{value}</div>
    {sub&&<div style={{color:"#6677aa",fontSize:11}}>{sub}</div>}
  </div>;
}

function Sec({ title, icon, children }) {
  return <div style={{background:"rgba(10,25,55,0.9)",border:"1px solid rgba(45,90,142,0.4)",
    borderRadius:16,padding:24,marginBottom:20}}>
    <h3 style={{color:"#f59e0b",margin:"0 0 18px",fontSize:15,fontWeight:700,
      fontFamily:"'Courier New',monospace",letterSpacing:1,
      display:"flex",alignItems:"center",gap:8,
      borderBottom:"1px solid rgba(245,158,11,0.2)",paddingBottom:12}}>
      <span>{icon}</span> {title}
    </h3>
    {children}
  </div>;
}

function Bar({ v, max, color="#f59e0b" }) {
  const pct = max>0?Math.round((v/max)*100):0;
  return <div style={{display:"flex",alignItems:"center",gap:8,flex:1}}>
    <div style={{flex:1,height:6,background:"rgba(255,255,255,0.07)",borderRadius:3,overflow:"hidden"}}>
      <div style={{width:`${pct}%`,height:"100%",borderRadius:3,
        background:`linear-gradient(90deg,${color},${color}88)`,transition:"width 0.6s"}}/>
    </div>
    <span style={{color:"#8899bb",fontSize:11,width:32,textAlign:"right"}}>{pct}%</span>
  </div>;
}

export default function App() {
  const [raw, setRaw] = useState(SAMPLE_DATA);
  const [days, setDays] = useState(100);
  const [res, setRes] = useState(null);
  const [summary, setSummary] = useState("");
  const [loading, setLoading] = useState(false);
  const [summaryLoading, setSummaryLoading] = useState(false);
  const [err, setErr] = useState(null);
  const [tab, setTab] = useState("frequency");
  const [xlsxInfo, setXlsxInfo] = useState("");
  const fileRef = useRef(null);

  const handleFile = useCallback((file) => {
    const reader = new FileReader();
    reader.onload = (e) => {
      try {
        const wb = XLSX.read(e.target.result, { type: "array" });
        const ws = wb.Sheets[wb.SheetNames[0]];
        const rows = XLSX.utils.sheet_to_json(ws, { header: 1, defval: "" });
        const lines = [];
        for (const row of rows) {
          // Find date cell and number cells
          let dateStr = "";
          let nums = [];
          for (const cell of row) {
            const s = String(cell).trim();
            // Try parse as date: dd/mm/yyyy or yyyy-mm-dd
            const dmY = s.match(/^(\d{1,2})[\/\-](\d{1,2})[\/\-](\d{4})$/);
            const Ymd = s.match(/^(\d{4})[\/\-](\d{1,2})[\/\-](\d{1,2})$/);
            if (dmY) {
              dateStr = `${dmY[3]}-${dmY[2].padStart(2,"0")}-${dmY[1].padStart(2,"0")}`;
            } else if (Ymd) {
              dateStr = s.slice(0,10);
            } else {
              // Extract numbers from cell (handles "04  21  25  31  41  43" style)
              const cellNums = s.split(/\s+/).map(Number).filter(n => !isNaN(n) && n > 0 && n <= 45);
              nums.push(...cellNums);
            }
          }
          if (!dateStr && nums.length === 0) continue;
          if (nums.length >= 6) {
            const label = dateStr || `Ky-${lines.length+1}`;
            lines.push(`${label}: ${nums.slice(0,6).map(n=>String(n).padStart(2,"0")).join(" ")}`);
          }
        }
        // Reverse if newest-first (check dates)
        if (lines.length >= 2) {
          const d1 = lines[0].split(":")[0].trim();
          const d2 = lines[lines.length-1].split(":")[0].trim();
          if (d1 > d2) lines.reverse();
        }
        if (lines.length === 0) {
          setXlsxInfo("⚠️ Khong doc duoc du lieu — kiem tra dinh dang file");
          return;
        }
        setRaw(lines.join("\n"));
        setDays(Math.min(lines.length, 100));
        setXlsxInfo(`✅ Da tai: ${file.name} — ${lines.length} ky quay`);
        setRes(null); setSummary("");
      } catch(err) {
        setXlsxInfo("⚠️ Loi doc file: " + err.message);
      }
    };
    reader.readAsArrayBuffer(file);
  }, []);

  const analyze = useCallback(async () => {
    setLoading(true); setErr(null); setRes(null); setSummary("");
    try {
      const stats = runAnalysis(raw, days);
      setRes(stats);
      setSummaryLoading(true);
      fetchSummary(stats).then(s => { setSummary(s); setSummaryLoading(false); });
    } catch(e) { setErr(e.message); }
    finally { setLoading(false); }
  }, [raw, days]);

  const tabs = [
    {id:"frequency",label:"Tan suat",icon:"📊"},
    {id:"gap",label:"Nhip Gap",icon:"⏱"},
    {id:"cooccurrence",label:"Cap so",icon:"🔗"},
    {id:"chi_square",label:"Chi-square",icon:"🔬"},
    {id:"monte_carlo",label:"Monte Carlo",icon:"🎲"},
  ];
  const maxF = res?.frequency?.most_frequent?.[0]?.count||1;

  return (
    <div style={{minHeight:"100vh",background:"linear-gradient(160deg,#020b1a,#041530 50%,#0a2040)",
      fontFamily:"'Segoe UI',sans-serif",color:"#c8d8f0",paddingBottom:40}}>

      {/* Header */}
      <div style={{background:"rgba(8,20,50,0.97)",borderBottom:"1px solid rgba(245,158,11,0.3)",
        padding:"18px 32px",display:"flex",alignItems:"center",justifyContent:"space-between",
        position:"sticky",top:0,zIndex:100,backdropFilter:"blur(12px)"}}>
        <div style={{display:"flex",alignItems:"center",gap:12}}>
          <span style={{fontSize:26}}>🎯</span>
          <div>
            <h1 style={{margin:0,fontSize:19,fontWeight:800,color:"#f59e0b",letterSpacing:1}}>LOTTERY ANALYZER PRO</h1>
            <div style={{color:"#4a7ab0",fontSize:10,letterSpacing:2}}>STATISTICAL & PROBABILITY ENGINE</div>
          </div>
        </div>
        <div style={{background:"rgba(245,158,11,0.1)",border:"1px solid rgba(245,158,11,0.3)",
          borderRadius:8,padding:"5px 12px",color:"#f59e0b",fontSize:10,fontFamily:"monospace",letterSpacing:1}}>
          ✦ CLAUDE AI
        </div>
      </div>

      <div style={{maxWidth:1100,margin:"0 auto",padding:"28px 20px 0"}}>

        {/* Input */}
        <div style={{background:"rgba(10,25,55,0.9)",border:"1px solid rgba(45,90,142,0.4)",
          borderRadius:16,padding:24,marginBottom:24}}>

          {/* File upload zone */}
          <div
            onDragOver={e=>{e.preventDefault();e.currentTarget.style.borderColor="#f59e0b";}}
            onDragLeave={e=>{e.currentTarget.style.borderColor="rgba(45,90,142,0.5)";}}
            onDrop={e=>{e.preventDefault();e.currentTarget.style.borderColor="rgba(45,90,142,0.5)";const f=e.dataTransfer.files[0];if(f)handleFile(f);}}
            onClick={()=>fileRef.current.click()}
            style={{border:"2px dashed rgba(45,90,142,0.5)",borderRadius:12,padding:"16px 20px",
              marginBottom:18,cursor:"pointer",display:"flex",alignItems:"center",gap:14,
              transition:"border-color 0.2s",background:"rgba(5,15,40,0.4)"}}>
            <span style={{fontSize:28}}>📂</span>
            <div style={{flex:1}}>
              <div style={{color:xlsxInfo?"#a0e8a0":"#a0c0e8",fontSize:13,fontWeight:600}}>
                {xlsxInfo || "Kéo thả file .xlsx vào đây hoặc click để chọn"}
              </div>
              <div style={{color:"#4a7ab0",fontSize:11,marginTop:3}}>
                File Excel: cột Ngày Mở Thưởng + cột Kết Quả — tự động nhận diện
              </div>
            </div>
            <input ref={fileRef} type="file" accept=".xlsx,.xls"
              onChange={e=>e.target.files[0]&&handleFile(e.target.files[0])}
              style={{display:"none"}}/>
          </div>

          <div style={{display:"flex",gap:20,flexWrap:"wrap"}}>
            <div style={{flex:"2 1 300px"}}>
              <label style={{color:"#8899bb",fontSize:11,letterSpacing:1,display:"block",marginBottom:8}}>
                📋 DU LIEU (tu dong dien sau khi upload — hoac nhap tay: YYYY-MM-DD: n1 n2 ...)
              </label>
              <textarea value={raw} onChange={e=>setRaw(e.target.value)} rows={8}
                style={{width:"100%",background:"rgba(5,15,40,0.9)",border:"1px solid rgba(45,90,142,0.5)",
                  borderRadius:10,color:"#a0c0e8",fontSize:12,fontFamily:"monospace",
                  padding:14,resize:"vertical",outline:"none",boxSizing:"border-box",lineHeight:1.6}}/>
            </div>
            <div style={{flex:"0 1 200px",display:"flex",flexDirection:"column",gap:16}}>
              <div>
                <label style={{color:"#8899bb",fontSize:11,letterSpacing:1,display:"block",marginBottom:8}}>
                  📅 SO KY PHAN TICH
                </label>
                <input type="number" value={days} onChange={e=>setDays(Math.max(7,+e.target.value))}
                  min={7} max={9999}
                  style={{width:"100%",background:"rgba(5,15,40,0.9)",border:"1px solid rgba(45,90,142,0.5)",
                    borderRadius:10,color:"#f59e0b",fontSize:22,fontWeight:800,fontFamily:"monospace",
                    padding:"10px 14px",outline:"none",boxSizing:"border-box",textAlign:"center"}}/>
                <div style={{color:"#4a7ab0",fontSize:10,marginTop:4,textAlign:"center"}}>ky quay gan nhat</div>
              </div>
              <button onClick={analyze} disabled={loading||!raw.trim()}
                style={{background:loading?"rgba(245,158,11,0.15)":"linear-gradient(135deg,#f59e0b,#d97706)",
                  border:"none",borderRadius:12,color:loading?"#f59e0b":"#0a1a35",
                  fontWeight:800,fontSize:14,padding:"16px 20px",
                  cursor:loading?"default":"pointer",letterSpacing:1,
                  display:"flex",alignItems:"center",justifyContent:"center",gap:8,
                  boxShadow:loading?"none":"0 4px 20px rgba(245,158,11,0.35)",transition:"all 0.2s"}}>
                {loading?<><Dots/> Dang tinh...</>:"🚀 PHAN TICH NGAY"}
              </button>
            </div>
          </div>
        </div>

        {err&&<div style={{background:"rgba(239,68,68,0.1)",border:"1px solid rgba(239,68,68,0.4)",
          borderRadius:12,padding:"14px 20px",color:"#f87171",marginBottom:20,fontSize:13}}>⚠️ {err}</div>}

        {res&&<>
          {/* Stat cards */}
          <div style={{display:"grid",gridTemplateColumns:"repeat(auto-fit,minmax(140px,1fr))",gap:14,marginBottom:22}}>
            <Card title="Ky phan tich" value={res.days_analyzed} sub="ky quay" color="#f59e0b"/>
            <Card title="So nong nhat" value={String(res.frequency.most_frequent[0]?.number).padStart(2,"0")}
              sub={`${res.frequency.most_frequent[0]?.count} lan`} color="#ef4444"/>
            <Card title="P-value" value={res.chi_square.p_value}
              sub={res.chi_square.p_value>0.05?"Ngau nhien":"Co quy luat?"} color="#10b981"/>
            <Card title="Monte Carlo" value="10,000" sub="lan mo phong" color="#8b5cf6"/>
          </div>

          {/* AI Summary */}
          <div style={{background:"linear-gradient(135deg,rgba(245,158,11,0.08),rgba(239,68,68,0.05))",
            border:"1px solid rgba(245,158,11,0.25)",borderRadius:14,
            padding:"16px 22px",marginBottom:22,borderLeft:"3px solid #f59e0b"}}>
            <div style={{color:"#f59e0b",fontSize:11,letterSpacing:1,marginBottom:6}}>💡 NHAN XET CHUYEN GIA (Claude AI)</div>
            {summaryLoading
              ?<div style={{color:"#6677aa",fontSize:13}}>Dang tai nhan xet <Dots/></div>
              :<p style={{margin:0,color:"#c8d8f0",fontSize:13,lineHeight:1.7}}>{summary||"Nhan xet se hien sau khi tai xong."}</p>}
          </div>

          {/* Tabs */}
          <div style={{display:"flex",gap:8,marginBottom:20,flexWrap:"wrap"}}>
            {tabs.map(t=><button key={t.id} onClick={()=>setTab(t.id)}
              style={{background:tab===t.id?"rgba(245,158,11,0.2)":"rgba(15,35,68,0.6)",
                border:`1px solid ${tab===t.id?"rgba(245,158,11,0.6)":"rgba(45,90,142,0.4)"}`,
                borderRadius:8,color:tab===t.id?"#f59e0b":"#6677aa",
                padding:"8px 16px",cursor:"pointer",fontSize:12,fontWeight:600,
                display:"flex",alignItems:"center",gap:6,transition:"all 0.15s"}}>
              {t.icon} {t.label}
            </button>)}
          </div>

          {/* Frequency */}
          {tab==="frequency"&&<div style={{display:"grid",gridTemplateColumns:"1fr 1fr",gap:20}}>
            <Sec title="TOP 10 SO NONG NHAT" icon="🔥">
              {res.frequency.most_frequent.map((item,i)=><div key={i}
                style={{display:"flex",alignItems:"center",gap:10,marginBottom:10}}>
                <span style={{color:"#4a7ab0",fontSize:11,width:18}}>#{i+1}</span>
                <Ball n={item.number} hot={i<3}/>
                <Bar v={item.count} max={maxF} color={i<3?"#ef4444":"#f59e0b"}/>
                <span style={{color:"#8899bb",fontSize:11,width:40,textAlign:"right"}}>{item.count}x</span>
              </div>)}
            </Sec>
            <Sec title="TOP 10 SO LANH NHAT" icon="❄️">
              {res.frequency.least_frequent.map((item,i)=><div key={i}
                style={{display:"flex",alignItems:"center",gap:10,marginBottom:10}}>
                <span style={{color:"#4a7ab0",fontSize:11,width:18}}>#{i+1}</span>
                <Ball n={item.number}/>
                <Bar v={item.count} max={maxF} color="#4a7ab0"/>
                <span style={{color:"#8899bb",fontSize:11,width:40,textAlign:"right"}}>{item.count}x</span>
              </div>)}
            </Sec>
          </div>}

          {/* Gap */}
          {tab==="gap"&&<Sec title="PHAN TICH NHIP — GAP ANALYSIS" icon="⏱">
            <p style={{color:"#6677aa",fontSize:12,margin:"0 0 16px"}}>
              Khoang cach trung binh (so ky) giua cac lan xuat hien. Gap nho = xuat hien deu dan hon.
            </p>
            <div style={{display:"grid",gridTemplateColumns:"repeat(auto-fill,minmax(210px,1fr))",gap:12}}>
              {res.gap.map((item,i)=><div key={i}
                style={{background:"rgba(5,15,40,0.7)",border:"1px solid rgba(45,90,142,0.3)",
                  borderRadius:10,padding:"14px 16px",display:"flex",alignItems:"center",gap:12}}>
                <Ball n={item.number} hot={item.avg_gap<=3}/>
                <div style={{flex:1}}>
                  <div style={{color:item.avg_gap<=3?"#f59e0b":"#c8d8f0",fontSize:20,fontWeight:800,fontFamily:"monospace"}}>
                    {item.avg_gap} <span style={{fontSize:11,color:"#6677aa"}}>ky</span>
                  </div>
                  <div style={{color:"#6677aa",fontSize:10}}>Xuat hien {item.appearances} lan</div>
                  <div style={{color:"#4a7ab0",fontSize:10}}>
                    {item.last_seen} {item.days_since>0?`(${item.days_since} ky truoc)`:"(ky cuoi)"}
                  </div>
                </div>
              </div>)}
            </div>
          </Sec>}

          {/* Cooccurrence */}
          {tab==="cooccurrence"&&<Sec title="PHAN TICH CAP SO — CO-OCCURRENCE" icon="🔗">
            {res.cooccurrence.map((item,i)=><div key={i}
              style={{display:"flex",alignItems:"center",gap:14,padding:"12px 16px",marginBottom:8,
                background:"rgba(5,15,40,0.5)",borderRadius:10,border:"1px solid rgba(45,90,142,0.25)"}}>
              <span style={{color:"#4a7ab0",fontSize:12,width:22,fontWeight:700}}>#{i+1}</span>
              <div style={{display:"flex",gap:6}}>{item.pair.map((n,j)=><Ball key={j} n={n} hot={i<3}/>)}</div>
              <Bar v={item.count} max={res.cooccurrence[0]?.count||1} color={i<3?"#f59e0b":"#4a7ab0"}/>
              <div style={{textAlign:"right",flexShrink:0}}>
                <div style={{color:i<3?"#f59e0b":"#8b5cf6",fontSize:15,fontWeight:800,fontFamily:"monospace"}}>{item.count}x</div>
                <div style={{color:"#4a7ab0",fontSize:10}}>{item.frequency}%</div>
              </div>
            </div>)}
          </Sec>}

          {/* Chi-square */}
          {tab==="chi_square"&&<Sec title="KIEM DINH CHI-SQUARE — TINH NGAU NHIEN" icon="🔬">
            <div style={{display:"grid",gridTemplateColumns:"repeat(auto-fit,minmax(160px,1fr))",gap:16,marginBottom:20}}>
              <Card title="Chi2 Statistic" value={res.chi_square.statistic} color="#8b5cf6"/>
              <Card title="P-value" value={res.chi_square.p_value} color="#10b981"/>
              <Card title="Bac tu do (df)" value={res.chi_square.degrees_of_freedom} color="#f59e0b"/>
            </div>
            <div style={{
              background:res.chi_square.p_value>0.05?"rgba(16,185,129,0.08)":"rgba(239,68,68,0.08)",
              border:`1px solid ${res.chi_square.p_value>0.05?"rgba(16,185,129,0.3)":"rgba(239,68,68,0.3)"}`,
              borderRadius:12,padding:"16px 20px",
              borderLeft:`3px solid ${res.chi_square.p_value>0.05?"#10b981":"#ef4444"}`}}>
              <div style={{fontSize:20,marginBottom:8}}>{res.chi_square.p_value>0.05?"✅":"⚠️"} KET LUAN</div>
              <p style={{margin:0,color:"#c8d8f0",fontSize:13,lineHeight:1.7}}>{res.chi_square.conclusion}</p>
            </div>
            <div style={{marginTop:16,padding:"12px 16px",background:"rgba(139,92,246,0.08)",borderRadius:10,fontSize:12,color:"#8b7acc"}}>
              <strong>Cach doc:</strong> P-value &gt; 0.05 → phan phoi deu, ngau nhien. P-value &lt; 0.05 → co su phan phoi khong deu dang ke.
            </div>
          </Sec>}

          {/* Monte Carlo */}
          {tab==="monte_carlo"&&<Sec title="MO PHONG MONTE CARLO — 10,000 LAN" icon="🎲">
            <div style={{background:"rgba(139,92,246,0.08)",border:"1px solid rgba(139,92,246,0.25)",
              borderRadius:10,padding:"10px 16px",marginBottom:20,fontSize:12,color:"#8b7acc"}}>
              ⚠️ Ket qua mo phong dua tren phan phoi tan suat lich su. Xo so la tro choi hoan toan ngau nhien.
            </div>
            {res.monte_carlo.map((item,i)=><div key={i} style={{
              background:i===0?"linear-gradient(135deg,rgba(245,158,11,0.12),rgba(239,68,68,0.08))":"rgba(5,15,40,0.5)",
              border:`1px solid ${i===0?"rgba(245,158,11,0.45)":"rgba(45,90,142,0.25)"}`,
              borderRadius:12,padding:"16px 20px",marginBottom:12}}>
              <div style={{display:"flex",alignItems:"center",justifyContent:"space-between",flexWrap:"wrap",gap:12}}>
                <div style={{display:"flex",alignItems:"center",gap:12}}>
                  <div style={{width:32,height:32,borderRadius:"50%",
                    background:i===0?"linear-gradient(135deg,#f59e0b,#ef4444)":"rgba(45,90,142,0.4)",
                    display:"flex",alignItems:"center",justifyContent:"center",
                    color:"#fff",fontWeight:800,fontSize:13,flexShrink:0}}>#{item.rank}</div>
                  <div style={{display:"flex",gap:6,flexWrap:"wrap"}}>
                    {item.numbers.map((n,j)=><Ball key={j} n={n} hot={i===0}/>)}
                  </div>
                </div>
                <div style={{textAlign:"right"}}>
                  <div style={{color:i===0?"#f59e0b":"#8b5cf6",fontSize:18,fontWeight:800,fontFamily:"monospace"}}>
                    {item.probability}%
                  </div>
                  <div style={{color:"#4a7ab0",fontSize:10}}>{item.appearances} / 10,000 lan</div>
                </div>
              </div>
            </div>)}
          </Sec>}
        </>}

        {!res&&!loading&&<div style={{textAlign:"center",padding:"60px 20px",color:"#2d5a8e"}}>
          <div style={{fontSize:56,marginBottom:16}}>🎯</div>
          <div style={{fontSize:15,fontWeight:600,color:"#4a7ab0",marginBottom:6}}>Nhap du lieu va nhan Phan Tich Ngay</div>
          <div style={{fontSize:12}}>Du lieu mau 30 ky da duoc dien san</div>
        </div>}
      </div>
    </div>
  );
}
